NO,共通ID,施設・場所名,住所,洪水,崖崩れ、土石流及び地滑り,高潮,地震,津波,大規模な火事,内水氾濫,火山現象,指定避難所との住所同一,緯度,経度,備考
1,E0720400440201,江名中学校校庭,福島県いわき市永崎字館1,1,,1,,1,1,1,,1,36.958585,140.941241,
2,E0720400254201,永崎小学校校舎,福島県いわき市永崎字川畑159-5,,,,,1,,,,,36.955383482012,140.9371707102,
3,E0720400243201,稲荷神社,福島県いわき市永崎字川畑220,,,,,1,,,,,36.957868792612,140.93891020146,
4,E0720400131201,遠野市民運動場,福島県いわき市遠野町上遠野字久保作34,1,1,,1,,1,1,,,37.002954172536,140.74113790254,
5,E0720400441201,旧県立いわき湯本高等学校遠野校舎校庭,福島県いわき市遠野町上遠野字赤坂10-1,1,1,,1,,1,1,,1,37.004085152866,140.74096624117,
6,E0720400008202,遠野小学校校庭,福島県いわき市遠野町上遠野字本町68,1,1,,1,,1,1,,1,37.008941064939,140.74748696447,
7,E0720400005201,入遠野中学校校庭,福島県いわき市遠野町上根本字荒神平20,1,1,,1,,1,1,,1,37.031963465993,140.71663004968,
8,E0720400004201,旧入遠野小学校校庭,福島県いわき市遠野町入遠野字前田142,1,1,,1,,1,1,,1,37.036753731791,140.7079375626,
9,E0720400028201,立地区高台,福島県いわき市久之浜町久之浜字館ノ山地内,,,,,1,,,,,37.147646288181,140.99987403952,
10,E0720400016201,龍光寺,福島県いわき市久之浜町久之浜字後原68,,,,,1,,,,,37.136844144481,140.9955743881,
11,E0720400018202,久之浜第一小学校校庭,福島県いわき市久之浜町久之浜字糠塚3-1,,1,1,1,1,1,,,1,37.142936977411,140.99300245013,
12,E0720400436201,市営住宅久之浜東団地,福島県いわき市久之浜町久之浜字川田23,,,,,1,,,,,37.14872537124,140.99606602182,
13,E0720400444201,久之浜中学校校庭,福島県いわき市久之浜町久之浜字大場72-1,1,1,1,1,1,1,1,,1,37.145166955448,140.9871337768,
14,E0720400437201,いわき市地域防災交流センター　久之浜・大久ふれあい館,福島県いわき市久之浜町久之浜字中町32,,,,,1,,,,,37.141515789132,140.99789178802,
15,E0720400026201,久之浜市民運動場,福島県いわき市久之浜町金ケ沢字北磯脇29-2,1,1,1,1,1,1,1,,,37.152736973829,140.99966981353,
16,E0720400027201,三嶋神社,福島県いわき市久之浜町田之網字横内93,,,,,1,,,,,37.12167408669,140.99588711703,
17,E0720400024202,福島県いわき海浜自然の家駐車場,福島県いわき市久之浜町田之網字向山53,1,1,1,1,1,1,1,,1,37.121013230543,140.98384808144,
18,E0720400023201,江之網集会所,福島県いわき市久之浜町田之網字江之網106,,,,,1,,,,,37.114707054742,140.99606070559,
19,E0720400025201,円成院,福島県いわき市久之浜町田之網字西ノ内58-2,,,,,1,,,,,37.125709655303,140.99307756266,
20,E0720400021201,翠祥園,福島県いわき市久之浜町末続字深谷33-1,1,1,1,1,1,1,1,,1,37.166558786367,140.99972240954,
21,E0720400019201,末続集会所,福島県いわき市久之浜町末続字鍋田49-2,1,1,1,1,1,1,1,,1,37.178655962283,140.99159845185,
22,E0720400029202,郷ケ丘小学校校庭,福島県いわき市郷ケ丘3-50-18,1,1,,1,,1,1,,1,37.02907903931,140.91306452945,
23,E0720400411201,市営住宅錦団地,福島県いわき市錦町鵜ノ巣23,,,,,1,,,,,36.90276419312,140.79162115538,
24,E0720400140201,鬼越神社,福島県いわき市錦町鬼越下63,,,,,1,,,,,36.912271424515,140.77121194766,
25,E0720400410201,江栗第一公園,福島県いわき市錦町江栗3-27,,1,,1,,1,1,,,36.91419428,140.77591322,
26,E0720400034202,南の森スポーツパーク,福島県いわき市錦町細谷102-58,1,1,,1,,1,1,,1,36.9131725935,140.765523634,
27,E0720400422201,錦東小学校校舎,福島県いわき市錦町鷺内64-5,,,,,1,,,,,36.901713768252,140.79822525655,
28,E0720400419201,中迎二丁目公園,福島県いわき市錦町中迎2-4-1,,1,1,1,,1,,,,36.90733049,140.79571498,
29,E0720400038203,錦小学校校舎,福島県いわき市錦町鳥居東1-1,,,,,1,,,,1,36.910675,140.787704,
30,E0720400038202,錦小学校校庭,福島県いわき市錦町鳥居東1-1,,1,1,1,,1,,,1,36.910410593336,140.78760374729,
31,E0720400448201,錦中学校校庭,福島県いわき市錦町飯盛町1-1,,1,1,1,,1,,,1,36.901988361302,140.7880721832,
32,E0720400448202,錦中学校校舎,福島県いわき市錦町飯盛町1-1,,,,,1,,,,1,36.902164,140.788116,
33,E0720400214201,金山公園,福島県いわき市金山町朝日台1,1,1,1,1,,1,1,,,36.92946644,140.82026237,
34,E0720400415201,宝徳院,福島県いわき市後田町石田35,,,,,1,,,,,36.923913712903,140.79101287875,
35,E0720400077201,好間多目的広場,福島県いわき市好間工業団地24-5,1,1,,1,,1,1,,,37.078312551659,140.84537024624,
36,E0720400046202,さくら保育園園庭,福島県いわき市好間町下好間字沼田112,,1,,1,,1,,,1,37.059170883561,140.8618991992,
37,E0720400048202,好間第二小学校校庭,福島県いわき市好間町今新田字手倉2,,1,,1,,1,1,,1,37.066516074457,140.8763937059,
38,E0720400449201,好間中学校校庭,福島県いわき市好間町小谷作字竹ノ内1-1,1,1,,1,,1,1,,1,37.067566998516,140.86168552533,
39,E0720400451201,好間第一小学校校庭,福島県いわき市好間町上好間字馬場前14,,1,,1,,1,,,1,37.0668310347,140.851270127,
40,E0720400045201,好間保育所所庭,福島県いわき市好間町上好間字馬場前19-3,,1,,1,,1,1,,,37.066891054931,140.85242563696,
41,E0720400053201,好間第四小学校校庭,福島県いわき市好間町大利字戸作田65,1,1,,1,,1,1,,1,37.075287012088,140.80476547373,
42,E0720400050201,旧好間第三小学校校庭,福島県いわき市好間町北好間字権現堂60,1,,,,,1,1,,1,37.071075072328,140.83271676512,
43,E0720400225201,江名幼稚園,福島県いわき市江名字上代8-4,1,,1,,1,1,1,,,36.972816538071,140.95803004965,
44,E0720400452201,江名小学校校庭,福島県いわき市江名字天ケ作154,1,1,1,1,1,1,1,,1,36.970808565739,140.9540414191,
45,E0720400159201,中田山,福島県いわき市江名字風越118-3,,,,,1,,,,,36.967575437048,140.95850688359,
46,E0720400274201,江名公民館,福島県いわき市江名字藪倉165-1,1,1,1,1,1,1,1,,1,36.977883376633,140.95126363261,
47,E0720400491201,市営住宅佐糠第二団地,福島県いわき市佐糠町2-7-7,1,,,,,,,,,36.912693,140.807419,
48,E0720400490201,市営住宅佐糠第一団地,福島県いわき市佐糠町東2-10-2,1,,,,1,,,,,36.918129,140.807617,
49,E0720400414201,６号バイパス（佐糠側避難階段）,福島県いわき市佐糠町東二丁目4-1,,,,,1,,,,,36.918942015781,140.80966027576,
50,E0720400176201,桜ケ丘四丁目公園,福島県いわき市桜ケ丘4-68-1,1,1,,1,,1,1,,,36.993778395645,140.84017618757,
51,E0720400071202,下永井公民館広場,福島県いわき市三和町下永井字横山66-1,1,1,,1,,1,1,,1,37.139944402691,140.76550765705,
52,E0720400474201,旧三阪小・中学校校庭,福島県いわき市三和町中三坂字腰巻28,1,1,,1,,1,1,,,37.198864031299,140.63742394577,
53,E0720400453201,旧三和中学校校庭,福島県いわき市三和町中寺字樋ノ口4-2,1,1,,1,,1,1,,1,37.124648595527,140.72151656279,
54,E0720400446201,玉田院境内,福島県いわき市山田町井上14,1,1,,1,,1,1,,,36.92796002804,140.75679791866,
55,E0720400432201,菊田小学校校庭,福島県いわき市山田町林崎前56,,1,,1,,1,1,,,36.92793371625,140.77363698304,
56,E0720400454201,大野中学校校庭,福島県いわき市四倉町玉山字御城204,1,1,,1,,1,1,,1,37.116767745686,140.93768587261,
57,E0720400089201,旧大野第一小学校校庭,福島県いわき市四倉町玉山字林崎5,1,1,,1,,1,1,,1,37.114936899433,140.94796409755,
58,E0720400091202,旧大野第二小学校校庭,福島県いわき市四倉町駒込字広畑11,1,1,,1,,1,1,,1,37.113722014401,140.9035252586,
59,E0720400092201,大浦公民館,福島県いわき市四倉町狐塚字小橋89,,1,1,1,1,1,1,,1,37.090364071375,140.96935464603,
60,E0720400093202,大浦小学校校庭,福島県いわき市四倉町狐塚字松橋27,,1,1,1,1,1,1,,1,37.094324279033,140.96619654594,
61,E0720400102201,クリナップ体育館駐車場,福島県いわき市四倉町細谷字小橋前11,,,,,1,,,,,37.08574266163,140.96662375278,
62,E0720400094201,細谷集会所,福島県いわき市四倉町細谷字弁天前地内,,1,1,1,1,1,1,,,37.086172869264,140.96297205959,
63,E0720400099201,県立四倉高等学校校庭,福島県いわき市四倉町字五丁目4,1,1,1,1,1,1,,,,37.111679624969,140.98753217754,
64,E0720400095201,妙見尊,福島県いわき市四倉町字西三丁目19,,,,,1,,,,,37.10641586737,140.98466136427,
65,E0720400103201,諏訪神社（四倉）,福島県いわき市四倉町字西三丁目60,,,,,1,,,,,37.108252597248,140.98697361044,
66,E0720400096201,四倉小学校校庭,福島県いわき市四倉町字西四丁目3-3,,1,1,1,,1,,,,37.108810942459,140.98738720565,
67,E0720400098201,日出ヶ岡公園（忠魂碑）,福島県いわき市四倉町字太夫坂地内,,,,,1,,,,,37.111044739862,140.99025690296,
68,E0720400442201,四倉中学校校舎,福島県いわき市四倉町字東一丁目65,,,,,1,,,,,37.099341428857,140.98457523442,
69,E0720400105201,海嶽寺,福島県いわき市四倉町字梅ケ丘119-1,,,,,1,,,,,37.105024538422,140.9821856522,
70,E0720400456201,地蔵尊,福島県いわき市四倉町上仁井田字岸前159,,,,,1,,,,,37.100876811876,140.97420668574,
71,E0720400014201,市営住宅四倉南団地,福島県いわき市四倉町上仁井田字矢ノ田10-2,,,,,1,,,,,37.098382047524,140.97522258489,
72,E0720400458201,鹿島小学校校庭,福島県いわき市鹿島町走熊字中島1-1,,1,,1,,1,,,1,36.995530961526,140.90974820611,
73,E0720400183201,若葉台北公園,福島県いわき市若葉台1-24-5,1,1,,1,,1,1,,,37.01956493884,140.89838012452,
74,E0720400362201,草野心平記念文学館駐車場,福島県いわき市小川町高萩字下タ道1-39,1,1,,1,,1,1,,,37.129316002078,140.83244758067,
75,E0720400450201,小川市民運動場,福島県いわき市小川町柴原字館下6,1,1,,1,,1,1,,,37.137560214686,140.87288068505,
76,E0720400052201,小川公民館広場,福島県いわき市小川町上小川字下广門44-2,,1,,1,,1,1,,1,37.128316130749,140.85633344945,
77,E0720400120201,小川中学校校庭,福島県いわき市小川町上平字竹ノ内63,,1,,1,,1,1,,1,37.128870147915,140.8574588442,
78,E0720400130201,小川小学校校庭,福島県いわき市小川町上平字田之尻4,1,1,,1,,1,1,,1,37.134420516378,140.86244885185,
79,E0720400123201,小玉小学校校庭,福島県いわき市小川町西小川字小玉2-1,,1,,1,,1,1,,1,37.122316609195,140.86229878655,
80,E0720400455201,小島第一公園,福島県いわき市小島町2-1-1,,1,,1,,1,1,,,37.050024497794,140.88226070553,
81,E0720400139201,那智神社,福島県いわき市小浜町渚287,,,,,1,,,,,36.914100591875,140.83647781502,
82,E0720400420201,津神社,福島県いわき市小浜町渚46,,,,,1,,,,,36.912492490217,140.83428736104,
83,E0720400409201,小浜公民館,福島県いわき市小浜町渚63,1,,1,,1,1,1,,,36.9127942527,140.833278754,
84,E0720400138201,汐見が丘小学校校庭,福島県いわき市小浜町西ノ作358,1,1,1,1,1,1,1,,1,36.922075663352,140.83035164963,
85,E0720400289201,小名浜市民会館広場,福島県いわき市小名浜愛宕上6-1,,1,1,1,,1,1,,,36.954324480249,140.89570833874,
86,E0720400143202,小名浜公民館広場,福島県いわき市小名浜愛宕上7-2,1,1,1,1,,1,1,,1,36.954006158804,140.89428447033,
87,E0720400162201,小名浜第二小学校校舎,福島県いわき市小名浜愛宕町3-2,,,,,1,,,,,36.952073352049,140.89595812386,
88,E0720400161201,岡小名公園,福島県いわき市小名浜岡小名2-5-1,1,1,,1,,1,1,,,36.96072161,140.90757985,
89,E0720400001201,小名浜第一中学校校庭,福島県いわき市小名浜岡小名字山田作9-1,1,1,1,1,1,1,1,,1,36.967628,140.897278,
90,E0720400147202,小名浜第一小学校校庭,福島県いわき市小名浜岡小名字台ノ上1-1,1,1,1,1,1,1,1,,1,36.963464113619,140.90149118652,
91,E0720400148201,小名浜第二中学校校庭,福島県いわき市小名浜岡小名字池袋11,1,1,1,1,1,1,1,,1,36.955441663833,140.91200756542,
92,E0720400244201,狩亦児童遊園,福島県いわき市小名浜下神白字狩亦82-2,,,,,1,,,,,36.950766626474,140.92780726687,
93,E0720400066201,御霊神社,福島県いわき市小名浜下神白字千速177,,,,,1,,,,,36.950214090044,140.92424191535,
94,E0720400488201,三崎公園,福島県いわき市小名浜下神白字大作93,1,1,1,1,1,1,1,,,36.937743,140.920248,
95,E0720400152202,県立小名浜海星高等学校校庭,福島県いわき市小名浜下神白字武城23,1,1,1,1,1,1,1,,1,36.946166320994,140.92195225567,
96,E0720400157201,高田公園,福島県いわき市小名浜花畑町44,,1,1,1,,1,,,,36.9572,140.90494,
97,E0720400459201,玉川中学校校庭,福島県いわき市小名浜玉川町西24,1,1,,1,,1,,,1,36.98265058544,140.88216318321,
98,E0720400175201,玉川中央公園,福島県いわき市小名浜玉川町南22,1,1,,1,,1,1,,,36.9839894,140.88486311,
99,E0720400166201,港ケ丘公園,福島県いわき市小名浜港ケ丘29,1,1,1,1,1,1,1,,,36.946457,140.916451,
100,E0720400435201,富ケ浦公園,福島県いわき市小名浜字観音作47,1,,1,,1,1,1,,,36.950322811198,140.91246974001,
101,E0720400144201,冷泉寺,福島県いわき市小名浜字古湊188,,,,,1,,,,,36.947700574557,140.9128399474,
102,E0720400240201,吹松公園,福島県いわき市小名浜字吹松16-19,,1,1,1,,1,,,,36.94203636,140.87439257836,
103,E0720400416201,イオンモールいわき小名浜,福島県いわき市小名浜字辰巳町79,,,,,1,,,,,36.946849685383,140.90370679114,
104,E0720400165202,小名浜第三小学校校庭,福島県いわき市小名浜住吉字搦町7-1,,1,,1,,1,,,1,36.977557,140.885227,
105,E0720400065201,小名浜東小学校校庭,福島県いわき市小名浜諏訪町37-1,1,1,1,1,1,1,,,1,36.95476033228,140.91094884728,
106,E0720400492201,小名浜第一ホテル,福島県いわき市小名浜西町1-4,,,,,1,,,,,36.950531,140.901413,
107,E0720400146201,小名浜西小学校校庭,福島県いわき市小名浜大原字小滝山3,1,1,1,1,1,1,1,,1,36.965726070964,140.8972525122,
108,E0720400173201,小名浜中央公園,福島県いわき市小名浜南君ケ塚町13,,1,1,1,,1,1,,,36.95657711,140.8996701,
109,E0720400493201,ホテルクラウンヒルズ小名浜,福島県いわき市小名浜蛭川南77-1,,,,,1,,,,,36.951452,140.902507,
110,E0720400245201,矢田川公園,福島県いわき市小名浜林城字日代鳥20,,1,,1,,1,1,,,36.97892771,140.89394177,
111,E0720400081201,沼部橋記念遊園,福島県いわき市沼部町金山下14-2,,1,,1,,1,1,,,36.9192039536,140.746960993,
112,E0720400153201,湘南台西公園,福島県いわき市湘南台1-1-37,1,1,1,1,,1,1,,,36.96125976,140.91137351,
113,E0720400199201,船尾保育園園庭,福島県いわき市常磐下船尾町村山5-1,,1,,1,,1,1,,,36.988658167805,140.87209447485,
114,E0720400113201,下湯長谷公園,福島県いわき市常磐下湯長谷町1-77,,1,,1,,1,,,,36.991618944094,140.85875853162,
115,E0720400180202,磐崎中学校校庭,福島県いわき市常磐下湯長谷町家中跡28-5,1,1,,1,,1,1,,1,36.989436915109,140.84458415741,
116,E0720400181201,磐崎小学校校庭,福島県いわき市常磐下湯長谷町勝善14-13,,1,,1,,1,1,,1,36.986526728535,140.85088236432,
117,E0720400257201,釜ノ前第一公園,福島県いわき市常磐上湯長谷町釜ノ前147-65,1,1,,1,,1,1,,,36.994232250378,140.83318678291,
118,E0720400259201,釜ノ前第二児童遊園,福島県いわき市常磐上湯長谷町釜ノ前161-163,1,1,,1,,1,1,,,36.99607934373,140.83311453304,
119,E0720400198201,五反田公園,福島県いわき市常磐上湯長谷町五反田206-1,1,1,,1,,1,1,,,36.998890647073,140.83962501188,
120,E0720400186201,県立いわき湯本高等学校校庭,福島県いわき市常磐上湯長谷町五反田55,1,1,,1,,1,1,,1,36.996725473631,140.84226845982,
121,E0720400320201,株式会社マルト釜の前店駐車場,福島県いわき市常磐上湯長谷町山ノ神前24-35,1,,,,,1,1,,,36.99937977379,140.83707672346,
122,E0720400463201,長倉小学校校庭,福島県いわき市常磐上湯長谷町上ノ台99-2,1,1,,1,,1,1,,1,37.002629355856,140.83820883147,
123,E0720400209201,上湯長谷公園,福島県いわき市常磐上湯長谷町湯台堂172-3,1,1,,1,,1,1,,,37.002492703902,140.83451451489,
124,E0720400464201,湯本第三小学校校庭,福島県いわき市常磐水野谷町竜ケ沢36,1,1,,1,,1,1,,1,37.007951090652,140.86355030318,
125,E0720400194201,湯本第一小学校校庭,福島県いわき市常磐湯本町栄田11-10,1,1,,1,,1,,,1,37.002454073115,140.84839311328,
126,E0720400208201,下浅貝公園,福島県いわき市常磐湯本町下浅貝69-26,1,1,,1,,1,1,,,37.008837008523,140.85486309621,
127,E0720400184201,いわき市石炭化石館広場,福島県いわき市常磐湯本町向田3-1,1,1,,1,,1,1,,,37.012643796361,140.84890264953,
128,E0720400187201,湯本第三中学校校庭,福島県いわき市常磐湯本町高倉3-3,1,,,,,1,1,,1,37.013511492959,140.83257112646,
129,E0720400318201,２１世紀の森公園,福島県いわき市常磐湯本町上浅貝110-33,1,1,,1,,1,1,,,37.017951204564,140.86074270705,
130,E0720400462201,湯本第一中学校校庭,福島県いわき市常磐湯本町吹谷11-1,1,,,,,1,,,1,37.005905220048,140.84346254257,
131,E0720400190201,湯本第二小学校校庭,福島県いわき市常磐湯本町日渡35,1,,,,,1,1,,1,37.018878084059,140.84329909936,
132,E0720400179201,常磐市民運動場,福島県いわき市常磐湯本町日渡92-1,1,1,,1,,1,1,,,37.020869159132,140.84163530927,
133,E0720400070201,藤原公園,福島県いわき市常磐藤原町一本木10-1,1,1,,1,,1,1,,,36.99591420063,140.81865300895,
134,E0720400200201,藤原小学校校庭,福島県いわき市常磐藤原町斑堂115-2,1,1,,1,,1,1,,1,37.001030006048,140.82269688039,
135,E0720400212202,植田中学校校庭,福島県いわき市植田町根小屋25-4,,1,1,1,1,1,1,,1,36.918768902477,140.78624952821,
136,E0720400213202,県立磐城農業高等学校校庭,福島県いわき市植田町小名田60,1,1,1,1,1,1,1,,1,36.926408994586,140.79043109206,
137,E0720400439201,小名田ちびっこ広場,福島県いわき市植田町西荒田61-1,,1,,1,,1,,,,36.924164,140.795715,
138,E0720400294201,植田第二公園,福島県いわき市植田町中央三丁目9-1,,1,1,1,,1,,,,36.92308937,140.7974535,
139,E0720400222201,植田中央公園,福島県いわき市植田町中央二丁目11-1,,1,1,1,,1,1,,,36.92078483,140.79938502,
140,E0720400044201,県立勿来工業高等学校校庭,福島県いわき市植田町堂ノ作10,1,1,1,1,1,1,,,1,36.928493691311,140.79247200046,
141,E0720400030201,植田公民館,福島県いわき市植田町南町1-2-2,,,,,1,,,,,36.914662174904,140.79816664758,
142,E0720400037201,植田八幡神社境内,福島県いわき市植田町八幡台2,1,1,,1,1,1,1,,,36.9188518242,140.795348498,
143,E0720400042201,後宿公園,福島県いわき市植田町本町1-12,,1,1,1,,1,1,,,36.91463147,140.79738567,
144,E0720400224202,植田東中学校校庭,福島県いわき市石塚町国分175-2,1,1,,1,,1,1,,1,36.92833584358,140.81534262286,
145,E0720400273201,根渡神社,福島県いわき市折戸字折戸82,,,,,1,,,,,36.96313913348,140.95185082467,
146,E0720400467201,桶売小・中学校校庭,福島県いわき市川前町下桶売字久保田96-2,1,1,,1,,1,1,,1,37.243481003732,140.72244797605,
147,E0720400443201,小白井集会所,福島県いわき市川前町小白井字大小屋36-1,1,1,,1,,1,1,,1,37.297024984177,140.71235259094,
148,E0720400231201,いわきの里鬼ケ城グラウンド,福島県いわき市川前町上桶売字小久田73-3,1,1,,1,,1,1,,1,37.271882892304,140.73211241995,
149,E0720400230201,川前公民館前庭,福島県いわき市川前町川前字椚立79,1,,,,,1,1,,1,37.205626709955,140.75749494509,
150,E0720400215201,川部中学校校庭,福島県いわき市川部町坂下18-1,1,1,,1,,1,1,,1,36.903511415976,140.72697992909,
151,E0720400465201,八幡神社境内,福島県いわき市川部町寺田72,1,1,,1,,1,1,,,36.913831948565,140.73106858044,
152,E0720400234201,川部小学校校庭,福島県いわき市川部町川原65-1,,,,,,1,1,,1,36.906196204286,140.73167443137,
153,E0720400242201,沖公園,福島県いわき市泉玉露7-9-1,,1,,1,,1,1,,,36.95571585,140.84489071,
154,E0720400426201,滝尻３号公園,福島県いわき市泉滝尻3-5-1,,1,1,1,1,1,1,,,36.9507894155,140.86095650707,
155,E0720400155201,泉公園,福島県いわき市泉町1-18-1,,1,,1,,1,,,,36.95344,140.85779,
156,E0720400251201,泉清水公園,福島県いわき市泉町5-16-5,,1,,1,,1,1,,,36.94750772,140.85674986,
157,E0720400149201,出羽神社,福島県いわき市泉町下川字神山前119,,,,,1,,,,,36.942521833336,140.85842173591,
158,E0720400002201,あすか製薬株式会社いわき工場,福島県いわき市泉町下川字大剣1,,,,,1,,,,,36.925295681722,140.84923803587,
159,E0720400239201,小名浜臨海工業団地東緑地,福島県いわき市泉町下川字大剣1-24,1,1,,1,,1,1,,,36.933449960377,140.86195969462,
160,E0720400064201,小名浜臨海工業団地大畑緑地,福島県いわき市泉町下川字大剣1-5,1,1,1,1,1,1,1,,,36.925998417,140.85512857,
161,E0720400142201,泉中学校校庭,福島県いわき市泉町玉露字吉野作42,1,1,,1,,1,1,,1,36.962310345691,140.85291637612,
162,E0720400248201,泉北小学校校庭,福島県いわき市泉町玉露字定田69,1,1,,1,,1,1,,1,36.96192580131,140.84669953175,
163,E0720400460201,早稲田公園,福島県いわき市泉町黒須野字早稲田235-102,1,1,,1,,1,1,,,36.93224999,140.82306222,
164,E0720400253202,泉小学校校庭,福島県いわき市泉町字小山48-2,1,1,,1,,1,1,,1,36.950356969707,140.84822900105,
165,E0720400188201,草木台一丁目公園,福島県いわき市草木台1-7,1,1,,1,,1,1,,,37.020173632879,140.86798384428,
166,E0720400201201,草木台二丁目公園,福島県いわき市草木台2-11,1,1,,1,,1,1,,,37.016999805973,140.86811259031,
167,E0720400020201,久之浜第二小学校校庭,福島県いわき市大久町大久字矢ノ目沢2-1,1,1,1,1,,1,1,,1,37.176321829728,140.95484842095,
168,E0720400262202,中央台東小学校校庭,福島県いわき市中央台高久2-24,1,1,,1,,1,1,,1,37.008300653952,140.92926408774,
169,E0720400469201,いわき光洋高等学校校庭,福島県いわき市中央台高久4-1,1,1,,1,,1,1,,1,37.017844221723,140.92732490916,
170,E0720400265202,中央台南小学校校庭,福島県いわき市中央台鹿島2-1-1,1,1,,1,,1,1,,1,37.002236757726,140.92216730332,
171,E0720400470201,中央台南中学校校庭,福島県いわき市中央台鹿島2-42-1,1,1,,1,,1,,,1,37.003025866273,140.92647623672,
172,E0720400267202,中央台北小学校校庭,福島県いわき市中央台飯野3-2-1,1,1,,1,,1,1,,1,37.016128409609,140.91099558751,
173,E0720400269202,中央台北中学校校庭,福島県いわき市中央台飯野5-2-1,1,1,,1,,1,1,,1,37.019400543401,140.91118860983,
174,E0720400221201,中岡第二公園,福島県いわき市中岡町3-2-1,,1,1,1,,1,1,,,36.92438006,140.78105118,
175,E0720400031201,中岡第一公園,福島県いわき市中岡町6-3-1,,1,1,1,1,1,,,,36.9199,140.78346,
176,E0720400150201,真福寺,福島県いわき市中之作字勝見ケ浦1-90,,,,,1,,,,,36.958398566101,140.94695986367,
177,E0720400003201,諏訪神社（中之作）,福島県いわき市中之作字植作21,,,,,1,,,,,36.961841132679,140.94843349289,
178,E0720400272201,中之作公園,福島県いわき市中之作字大畑1-2,,,,,1,,,,,36.96326257791,140.94704315558,
179,E0720400278202,貝泊集会施設駐車場,福島県いわき市田人町貝泊字久子ノ内57,1,,,,,1,1,,1,36.99159024259,140.61813561893,
180,E0720400475201,田人市民運動場,福島県いわき市田人町黒田字寺ノ下64,1,1,,1,,1,1,,,36.965718417311,140.70450761486,
181,E0720400281202,田人小学校校庭,福島県いわき市田人町黒田字中野18-1,1,1,,1,,1,1,,1,36.963800964519,140.70416152942,
182,E0720400228201,石住多目的集会所駐車場,福島県いわき市田人町石住字貝屋35,1,,,,,1,1,,1,37.033307448442,140.64074682846,
183,E0720400233201,旧田人第二小学校南大平分校校庭,福島県いわき市田人町南大平字坪内95-1,1,,,,,1,1,,,36.932504415338,140.68993375681,
184,E0720400287201,下平石児童遊園,福島県いわき市田人町旅人字下平石,1,1,,1,,1,1,,,36.953188090305,140.70351289644,
185,E0720400473201,田人ふれあい館第２駐車場,福島県いわき市田人町旅人字下平石191,1,1,,1,,1,1,,1,36.952670272173,140.70457198787,
186,E0720400288202,おふくろの宿駐車場,福島県いわき市田人町旅人字江尻71,1,1,,1,,1,1,,1,36.94109481644,140.66166737247,
187,E0720400171201,上釜戸運動広場,福島県いわき市渡辺町上釜戸字堤ノ内38-1,1,1,,1,,1,1,,,36.9784391609,140.801195866,
188,E0720400154201,渡辺小学校校庭,福島県いわき市渡辺町田部字岸17-1,,1,,1,,1,1,,1,36.958660186921,140.82922390117,
189,E0720400293201,植田小学校校庭,福島県いわき市東田町向山1,1,1,1,1,1,1,1,,1,36.923778041711,140.80448854951,
190,E0720400270201,東田墓園,福島県いわき市東田町菖蒲沢23-1,1,1,1,1,,1,1,,,36.92865508,140.81168058,
191,E0720400296202,内郷第二中学校校庭,福島県いわき市内郷宮町金坂114,1,1,,1,,1,1,,1,37.042902967923,140.84429894449,
192,E0720400316201,宮保育所所庭,福島県いわき市内郷宮町金坂152-1,1,1,,1,,1,1,,,37.040101084161,140.84583117813,
193,E0720400306201,天上田公園,福島県いわき市内郷御厩町2-59,,1,,1,,1,,,,37.047004293892,140.86927706283,
194,E0720400136201,長町公園,福島県いわき市内郷御厩町4-64,,1,,1,,1,,,,37.051713869038,140.87588602584,
195,E0720400305202,御厩保育所所庭,福島県いわき市内郷御厩町下宿99-1,1,1,,1,,1,1,,1,37.047629542099,140.87749254805,
196,E0720400090201,新町前公園,福島県いわき市内郷御台境町新町前11-9,,1,,1,,1,,,,37.054329697714,140.87997907681,
197,E0720400303201,高坂北公園,福島県いわき市内郷高坂町1-56,1,1,,1,,1,,,,37.04862279811,140.85670863842,
198,E0720400302201,高坂南公園,福島県いわき市内郷高坂町1-86-7,1,1,,1,,1,1,,,37.046198981659,140.85338173075,
199,E0720400307201,金坂公園,福島県いわき市内郷高坂町2-25,1,1,,1,,1,1,,,37.047266153237,140.84779533822,
200,E0720400477201,高坂小学校校庭,福島県いわき市内郷高坂町台35,1,1,,1,,1,1,,1,37.041399062134,140.85708228918,
201,E0720400297201,内郷第一中学校校庭,福島県いわき市内郷高坂町立野129-1,1,1,,1,,1,1,,1,37.042520041945,140.85135149597,
202,E0720400314201,高野小学校・内郷第三中学校校庭,福島県いわき市内郷高野町中倉82-3,1,1,,1,,1,1,,1,37.053747169186,140.79616906187,
203,E0720400309201,馬場児童公園,福島県いわき市内郷綴町川原田59,,1,,1,,1,,,,37.038229849398,140.85824805078,
204,E0720400476201,内町小学校校庭,福島県いわき市内郷内町水之出37,,,,,,1,1,,1,37.034810060645,140.8507004683,
205,E0720400310201,内町公園,福島県いわき市内郷内町磐堰106,1,1,,1,,1,1,,,37.036574430822,140.84697912306,
206,E0720400312201,旧白水小学校体育館前広場,福島県いわき市内郷白水町川平76-12,1,,,,,1,1,,1,37.02861240968,140.81732351905,
207,E0720400319201,白水阿弥陀堂境域案内広場,福島県いわき市内郷白水町大門,,1,,1,,1,1,,,37.035099509413,140.83736390571,
208,E0720400478201,平第五小学校校庭,福島県いわき市平下荒川字川前54-1,1,,,,,1,1,,1,37.040231396806,140.90783296023,
209,E0720400479201,県立平工業高等学校校庭,福島県いわき市平下荒川字中剃1-3,1,1,,1,,1,1,,1,37.036489874156,140.90460691853,
210,E0720400325202,上荒川公園,福島県いわき市平下荒川字南作100,1,1,,1,,1,1,,1,37.03304554,140.89758837,
211,E0720400266201,高久小学校校庭,福島県いわき市平下高久字原極46-1,,1,1,1,,1,1,,1,37.029081449732,140.95850228728,
212,E0720400399201,いわき新舞子ハイツ,福島県いわき市平下高久字南谷地16-4,,,,,1,,,,,37.02423965769,140.9697884287,
213,E0720400396201,馬場集会所,福島県いわき市平下高久字馬場122,,1,1,1,1,1,1,,1,37.03162695094,140.95020181113,
214,E0720400369201,八幡神社（下高久）,福島県いわき市平下高久字八幡207,,,,,1,,,,,37.022567306121,140.96020177281,
215,E0720400331202,草野小学校校庭,福島県いわき市平下神谷字宿25,,1,1,1,1,1,1,,1,37.071034343816,140.94755335487,
216,E0720400393201,八坂神社,福島県いわき市平下大越字根岸225,,,,,1,,,,,37.044030317813,140.9583798622,
217,E0720400394201,白山神社,福島県いわき市平下大越字石田16,,,,,1,,,,,37.046070326386,140.95425702508,
218,E0720400343201,下平窪第二公園,福島県いわき市平下平窪1-5,,1,,1,,1,,,,37.07508725,140.88272659,
219,E0720400337202,平第四小学校校庭,福島県いわき市平下平窪字諸荷59-1,,1,,1,,1,1,,1,37.081987,140.880225,
220,E0720400352201,下平窪第一公園,福島県いわき市平下平窪字味噌農9,,1,,1,,1,,,,37.07619945,140.87836198,
221,E0720400339201,平第二中学校校庭,福島県いわき市平鎌田字味噌能2,1,1,,1,,1,1,,1,37.059588466758,140.90725588059,
222,E0720400367201,いわき市フラワーセンター,福島県いわき市平四ツ波字石森116,1,1,,1,,1,1,,1,37.0904147286074,140.903429100528,
223,E0720400386201,白土公園,福島県いわき市平字愛谷町4-7-1,,1,,1,,1,1,,,37.05052,140.90808,
224,E0720400468201,平一町目公園,福島県いわき市平字一町目20-1,,1,,1,,1,,,,37.055658859596,140.88812820455,
225,E0720400342201,下川原公園,福島県いわき市平字下川原40,,1,,1,,1,,,,37.05309514,140.90505793,
226,E0720400338201,九品寺前公園,福島県いわき市平字九品寺町2-1,,1,,1,,1,1,,,37.06343,140.8967,
227,E0720400345201,五色町公園,福島県いわき市平字五色町5,,1,,1,,1,1,,,37.05503274,140.90247247,
228,E0720400344201,紅葉町公園,福島県いわき市平字紅葉町42-1,,1,,1,,1,,,,37.06499354,140.89307718,
229,E0720400323201,県立磐城高等学校校庭,福島県いわき市平字高月7,1,,,,,1,1,,1,37.063132439759,140.88101742122,
230,E0720400322201,平第三小学校校庭,福島県いわき市平字作町3-4-2,,1,,1,,1,1,,1,37.047919457075,140.90369632301,
231,E0720400482201,県立磐城桜が丘高等学校校庭,福島県いわき市平字桜町5,1,,,,,1,1,,1,37.06337791596,140.88599733554,
232,E0720400334201,平中央公園,福島県いわき市平字三崎1,,1,,1,,1,1,,,37.05062872,140.88927919,
233,E0720400355201,小太郎町公園,福島県いわき市平字小太郎町5,,1,,1,,1,,,,37.05154226,140.89255132,
234,E0720400363201,下の町公園,福島県いわき市平字新田前6-1,,1,,1,,1,,,,37.05020623,140.89552241,
235,E0720400358201,正内町東公園,福島県いわき市平字正内町109,,1,,1,,1,1,,,37.0532661948,140.901463058,
236,E0720400377201,平市民運動場,福島県いわき市平字正内町22,,1,,1,,1,1,,,37.054599,140.899229,
237,E0720400347201,大工町公園,福島県いわき市平字大工町7-1,,1,,1,,1,1,,,37.05718718,140.89555747,
238,E0720400360201,佃町公園,福島県いわき市平字佃町5-1,,1,,1,,1,,,,37.051906,140.89440058,
239,E0720400353201,堂ノ前公園,福島県いわき市平字堂ノ前1,,1,,1,,1,1,,,37.05374347,140.88779713,
240,E0720400346201,尼子町公園,福島県いわき市平字尼子町4,,1,,1,,1,,,,37.0517661,140.88270029,
241,E0720400481201,平第二小学校校庭,福島県いわき市平字梅香町7-1,,1,,1,,1,,,1,37.063130371546,140.89300397393,
242,E0720400361201,菱川町公園,福島県いわき市平字菱川町7-7,,1,,1,,1,,,,37.05012928,140.89139444,
243,E0720400366202,平第一中学校校庭,福島県いわき市平字揚土1,1,,,,,1,1,,1,37.058271575078,140.88351028582,
244,E0720400350201,平第一小学校校庭,福島県いわき市平字揚土5,1,1,,1,,1,1,,1,37.057838641081,140.88522774224,
245,E0720400401201,市営住宅沼ノ内団地,福島県いわき市平沼ノ内字西原150,,,,,1,,,,,37.015008558104,140.96825066529,
246,E0720400406201,沼ノ内弁財天,福島県いわき市平沼ノ内字代ノ下104,,,,,1,,,,,37.008666197294,140.97116624,
247,E0720400351201,国立福島工業高等専門学校グラウンド,福島県いわき市平上荒川字長尾30,1,1,,1,,1,1,,1,37.033030119948,140.88781274422,
248,E0720400391201,県立いわき公園,福島県いわき市平上高久字大日作地内,1,1,,1,,1,1,,,37.01329096,140.92164642,
249,E0720400374202,県立いわき支援学校校庭,福島県いわき市平上神谷字石ノ町13-1,,1,,1,,1,1,,1,37.066470916421,140.91705189005,
250,E0720400264201,夏井小学校校庭,福島県いわき市平上大越字塚越1,,1,1,1,,1,1,,1,37.052167278661,140.9528168722,
251,E0720400359201,県立平支援学校校庭,福島県いわき市平上平窪字羽黒40-45,1,1,,1,,1,1,,1,37.093322537147,140.88973882963,
252,E0720400405201,神谷作公民館,福島県いわき市平神谷作字古屋敷30,1,1,1,1,1,1,1,,,37.013390059757,140.96406305558,
253,E0720400486201,いわき清苑駐車場,福島県いわき市平菅波字菅波入186-1,1,1,,1,1,1,1,,,37.039451,140.925881,
254,E0720400370201,赤井中学校校庭,福島県いわき市平赤井字大門13,1,1,,1,,1,1,,1,37.084846933467,140.85334103282,
255,E0720400471201,赤井小学校校庭,福島県いわき市平赤井字田町49,,1,,1,,1,,,1,37.087057974283,140.86526151588,
256,E0720400483201,仲山町公園,福島県いわき市平谷川瀬2-26-1,,1,,1,,1,1,,,37.04685893,140.89492653,
257,E0720400472201,平第三中学校校庭,福島県いわき市平谷川瀬字吉野作56-2,,,,,,1,1,,1,37.04207582519,140.89612096573,
258,E0720400480201,県立平商業高等学校校庭,福島県いわき市平中塩字一水口37-1,,1,,1,,1,1,,1,37.069615987075,140.90051531142,
259,E0720400445201,平第六小学校校庭,福島県いわき市平中神谷字石脇22,,1,,1,,1,1,,1,37.067772563941,140.93180858984,
260,E0720400332201,藤間中学校校庭,福島県いわき市平藤間字千ケ久保76-6,1,,1,,1,1,1,,1,37.035310929691,140.96441723283,
261,E0720400329201,新山神社,福島県いわき市平藤間字中之内73,,,,,1,,,,,37.041400573442,140.95871775035,
262,E0720400330201,安養院,福島県いわき市平藤間字中之内74,,,,,1,,,,,37.042298538751,140.95975236825,
263,E0720400400201,薄井神社,福島県いわき市平薄磯字三反田221-1,,,,,1,,,,,37.006834214911,140.97551091475,
264,E0720400328201,金倉稲荷神社,福島県いわき市平薄磯字南作295,,,,,1,,,,,36.998694874028,140.97411144988,
265,E0720400112202,豊間中学校校庭,福島県いわき市平薄磯字南作62,1,1,1,1,,1,1,,1,37.000911347654,140.97387251044,
266,E0720400112201,豊間中学校校舎,福島県いわき市平薄磯字南作62,,,,,1,,,,1,37.001339762784,140.97366329814,
267,E0720400398201,市営住宅薄磯団地,福島県いわき市平薄磯字北ノ作79,,,,,1,,,,,37.007194265196,140.97388204482,
268,E0720400402201,八坂神社（豊間）,福島県いわき市平豊間字榎町197,,,,,1,,,,,36.992724973069,140.96760042383,
269,E0720400461201,市営住宅豊間団地,福島県いわき市平豊間字榎町202-2,,,,,1,,,,,36.994302607787,140.96539611302,
270,E0720400383201,諏訪神社（豊間）,福島県いわき市平豊間字下ノ内100,,,,,1,,,,,36.986722317262,140.96508135059,
271,E0720400487201,小泉工業,福島県いわき市平豊間字合磯19-2,,,,,1,,,,,36.979605,140.961444,
272,E0720400404201,望洋荘,福島県いわき市平豊間字合磯39,,,,,1,,,,1,36.978772166397,140.96162712248,
273,E0720400397201,豊間公園,福島県いわき市平豊間字大作72,1,1,1,1,1,1,1,,,36.995014946925,140.96884803458,
274,E0720400368201,小泉工業,福島県いわき市平豊間字兎渡路291-92,,,,,1,,,,,36.979062151868,140.96445875634,
275,E0720400403201,八幡神社（豊間）,福島県いわき市平豊間字柳町72,,,,,1,,,,,36.992336648378,140.97031821477,
276,E0720400295201,勿来の関,福島県いわき市勿来町関田関山59,,,,,1,,,,,36.872668141213,140.78396137125,
277,E0720400069201,砂山権現神社,福島県いわき市勿来町関田御城前51,,,,,1,,,,,36.876722875629,140.78754314713,
278,E0720400438201,関田中央ちびっこ広場,福島県いわき市勿来町関田行屋前5,,1,1,1,,1,1,,,36.881554,140.789322,
279,E0720400206201,市営住宅関田団地,福島県いわき市勿来町関田飯ノ辺前3-3,,,,,1,,,,,36.88075156218,140.78863904285,
280,E0720400218201,勿来第二中学校校庭,福島県いわき市勿来町関田北作6,1,1,1,1,1,1,1,,1,36.880468996235,140.78348148851,
281,E0720400039201,勿来第二小学校校庭,福島県いわき市勿来町関田和久75,1,1,1,1,,1,,,1,36.885231388562,140.78796674841,
282,E0720400035201,入町奥高台,福島県いわき市勿来町九面横石地内,,,,,1,,,,,36.857946953206,140.78682621246,
283,E0720400137201,いわき市勿来駐車場,福島県いわき市勿来町九面浜田11-4,1,,1,,1,1,1,,,36.866430364705,140.78643060454,
284,E0720400236201,勿来第一小学校校庭,福島県いわき市勿来町窪田伊賀屋敷1-1,1,1,,1,,1,1,,1,36.892738984472,140.7622654895,
285,E0720400217201,県立勿来高等学校校庭,福島県いわき市勿来町窪田町通2-1,,1,,1,,1,,,1,36.888217297715,140.76735253916,
286,E0720400428201,御前崎遊園地,福島県いわき市勿来町窪田道山154-35,1,1,,1,,1,1,,,36.897814962104,140.75539798347,
287,E0720400408201,伊勢神社,福島県いわき市勿来町四沢伊勢林1,,,,,1,,,,,36.887897836114,140.78949021192,
288,E0720400174201,ひまわりちびっ子広場,福島県いわき市勿来町四沢作田67-1,,1,,1,,1,1,,,36.8865032156,140.772911983,
289,E0720400197201,市営住宅四沢団地,福島県いわき市勿来町四沢渋沼10,,,,,1,,,,,36.890800718381,140.78382533616,
290,E0720400413201,㈱ムラコシ精工ファインコンポーネンツ事業部勿来工場駐車場,福島県いわき市勿来町酒井酒井原110,1,1,,1,,1,1,,,36.892800174036,140.75294957343,
291,E0720400447201,株式会社久伸電機駐車場,福島県いわき市勿来町酒井酒井原27-1,1,1,,1,,1,1,,,36.890663522996,140.74768569448,
292,E0720400466201,勿来第三小学校校庭,福島県いわき市勿来町酒井北ノ内1,,1,,1,,1,1,,1,36.885522483927,140.74220549257,
293,E0720400087201,大高八幡台遊園地,福島県いわき市勿来町大高八幡2-1,1,1,,1,,1,1,,,36.902292101054,140.76125101026,
294,E0720400424201,白米第一公園,福島県いわき市勿来町白米林ノ中30-99,1,1,,1,,1,1,,,36.89570082356,140.73707600648,
295,E0720400067201,洋向台中央公園,福島県いわき市洋向台2-49-6,1,1,1,1,1,1,1,,,36.96580388,140.93457378,
296,E0721300002201,伊達グラウンド,福島県伊達市一本松64-1,1,1,,1,,1,1,,,37.814092676211,140.49101264897,
297,E0721300003201,伊達小学校,福島県伊達市舘ノ内20,1,1,,1,,1,1,,1,37.820022688179,140.49745251675,
298,E0721300004201,つきだて花工房,福島県伊達市月舘町下手渡字寺窪7,1,1,,1,,1,1,,1,37.717196520854,140.59861899775,
299,E0721300005201,下手渡児童遊園地,福島県伊達市月舘町下手渡字町1-1,1,1,,1,,1,1,,,37.7157868521,140.603425561,
300,E0721300006201,下手渡地区交流館,福島県伊達市月舘町下手渡字町37,1,,,1,,1,1,,1,37.716404,140.603662,
301,E0721300007201,月舘中央交流館　月舘体育館,福島県伊達市月舘町月舘字ウルシ坊19-1,,1,,1,,1,1,,1,37.734467284595,140.60918110894,
302,E0721300008201,月舘保健福祉センター,福島県伊達市月舘町月舘字関ノ下12-1,,1,,1,,1,1,,1,37.731421,140.606799567,
303,E0721300009201,月舘認定こども園,福島県伊達市月舘町月舘字関ノ下8-2,,1,,1,,1,1,,1,37.730583691908,140.6073123257,
304,E0721300010201,月舘学園,福島県伊達市月舘町月舘字久保田1,1,1,,1,,1,1,,1,37.732695195914,140.60804289551,
305,E0721300011201,月舘総合支所,福島県伊達市月舘町月舘字久保田5,1,1,,1,,1,1,,1,37.733748,140.607929,
306,E0721300012201,旧役場跡地,福島県伊達市月舘町月舘字殿ノ上39,1,,,1,,1,1,,,37.7365714804,140.609519941,
307,E0721300014201,御代田地区交流館,福島県伊達市月舘町御代田字古跡54,1,1,,1,,1,1,,1,37.749438868019,140.60557155235,
308,E0721300015201,御代田コミュニティセンター,福島県伊達市月舘町御代田字新堀ノ内45-1,1,1,,1,,1,1,,1,37.743758,140.607403,
309,E0721300017201,月舘運動場,福島県伊達市月舘町糠田字舘山1,1,1,,1,,1,1,,1,37.717308781467,140.59615836141,
310,E0721300017203,月舘運動場管理棟,福島県伊達市月舘町糠田字舘山1,1,1,,1,,1,1,,1,37.717317,140.594745,
311,E0721300017202,すぱーく月舘,福島県伊達市月舘町糠田字舘山1,1,1,,1,,1,1,,1,37.717919837558,140.59525177477,
312,E0721300018201,旧小手小学校簡易宿泊所,福島県伊達市月舘町糠田字舘山10,1,1,,1,,1,1,,1,37.718513,140.594173,
313,E0721300019201,布川地区交流館,福島県伊達市月舘町布川字宮ノ前3-4,1,,,1,,1,1,,1,37.735330624158,140.62376427936,
314,E0721300020201,布川児童遊園地,福島県伊達市月舘町布川字若1-8,1,1,,1,,1,1,,,37.734976452347,140.63425109383,
315,E0721300021201,旧月舘小学校,福島県伊達市月舘町布川字西原6,1,1,,,,1,1,,1,37.738755925667,140.61232736054,
316,E0721300022201,月見舘森林公園,福島県伊達市月舘町布川字大作田山1-1,1,1,,1,,1,1,,1,37.7354468462,140.619512492,
317,E0721300023201,山舟生農村広場,福島県伊達市山舟生字高橋17,1,1,,1,,1,1,,,37.874725001838,140.66005887212,
318,E0721300025201,伊達福祉センター,福島県伊達市前川原17-1,1,1,,1,,1,1,,1,37.820131494354,140.50748860051,
319,E0721300026201,伊達体育館,福島県伊達市前川原37-1,,1,,1,,1,,,1,37.820456,140.507479,
320,E0721300027201,伊達市ふるさと会館,福島県伊達市前川原63,,1,,1,,1,,,1,37.8208339991,140.508293,
321,E0721300029201,伊達中学校,福島県伊達市箱崎字沖110,1,1,,1,,1,1,,1,37.820758,140.515025,
322,E0721300030201,伊達ふれあいセンター,福島県伊達市箱崎字川端7,,1,,1,,1,1,,1,37.8157340529,140.511126062,
323,E0721300031201,箱崎農村環境改善センター,福島県伊達市箱崎字大舘29-3,1,1,,,,1,1,,1,37.814444227871,140.51623237167,
324,E0721300032201,伊達東グラウンド,福島県伊達市伏黒字一本石41-2,1,1,,1,,1,1,,1,37.824636266426,140.52749165805,
325,E0721300032202,伊達東地区交流館,福島県伊達市伏黒字一本石41-2,1,1,,1,,1,1,,1,37.825235027503,140.52694279446,
326,E0721300033201,伊達東小学校,福島県伊達市伏黒字土井ノ内42,1,1,,1,,1,1,,1,37.823298259071,140.52380790252,
327,E0721300121201,Ｕプレイス伊達・Ｎｅｘｔプレイス,福島県伊達市保原町高子岡238,1,1,,1,,1,1,,1,37.8091212206192,140.5269780012868,
328,E0721300034201,保原第２体育館,福島県伊達市保原町字10-17,1,1,,1,,1,1,,1,37.82399,140.554942,
329,E0721300036201,産業振興会館,福島県伊達市保原町字宮下111-2,1,1,,1,,1,1,,1,37.820289575775,140.55585077189,
330,E0721300037202,保原市民センター,福島県伊達市保原町字宮下111-4,1,1,,1,,1,1,,1,37.82128964919,140.55629591535,
331,E0721300037203,保原中央交流館,福島県伊達市保原町字宮下111-4,1,1,,1,,1,1,,1,37.820891321848,140.55607353114,
332,E0721300037201,保原体育館,福島県伊達市保原町字宮下111-4,1,1,,1,,1,1,,1,37.821532,140.555834,
333,E0721300038201,伊達高等学校,福島県伊達市保原町字元木23,,1,,1,,1,1,,1,37.823103152822,140.5599061239,
334,E0721300039201,保原ふれあいセンター,福島県伊達市保原町字西町113,,1,,1,,1,,,1,37.8239349991,140.551684,
335,E0721300042201,富士通アイソティック体育館,福島県伊達市保原町字東野崎135,1,1,,1,,1,1,,1,37.813555789838,140.5599163532,
336,E0721300043201,保原駅コミュニティセンター,福島県伊達市保原町字東野崎45-9,1,1,,1,,1,1,,,37.814685402237,140.55626511044,
337,E0721300044201,桃陵中学校,福島県伊達市保原町字豊田1-1,1,1,,1,,1,1,,1,37.831678931819,140.55833740796,
338,E0721300045201,保原小学校,福島県伊達市保原町字弥生町15,,1,,1,,1,1,,1,37.820086482965,140.54977083429,
339,E0721300046201,柱沢地区交流館,福島県伊達市保原町所沢字東畑100,1,1,,1,,1,1,,1,37.79666009149,140.56842579976,
340,E0721300046202,柱沢小学校,福島県伊達市保原町所沢字東畑100,1,1,,1,,1,1,,1,37.797416530659,140.56896469578,
341,E0721300047201,認定こども園上保原,福島県伊達市保原町上保原字上ノ原22-2,1,1,,1,,1,1,,1,37.81235778514,140.54042766664,
342,E0721300048201,上保原地区交流館,福島県伊達市保原町上保原字上ノ原24-1,1,1,,1,,1,1,,1,37.812689,140.541068,
343,E0721300050201,上保原小学校,福島県伊達市保原町上保原字無苦代内11,1,1,,1,,1,1,,1,37.813537313409,140.53997538075,
344,E0721300051201,保原総合公園,福島県伊達市保原町大泉字宮脇265,1,1,,1,,1,1,,1,37.818223265044,140.57059829844,
345,E0721300052201,大田地区交流館,福島県伊達市保原町大泉字前原内106-1,1,1,,1,,1,1,,1,37.825352,140.573066,
346,E0721300053201,大田小学校,福島県伊達市保原町大泉字前原内111,1,1,,1,,1,1,,1,37.82543410116,140.57391876205,
347,E0721300054201,認定こども園大田,福島県伊達市保原町大泉字前原内246-1,1,1,,1,,1,1,,1,37.825349,140.574827,
348,E0721300120201,だて支援学校,福島県伊達市保原町大泉字大舘78,,1,,1,,1,,,1,37.823334,140.564178,
349,E0721300056201,松陽中学校,福島県伊達市保原町大柳字向山1,1,1,,1,,1,1,,1,37.800703701236,140.55452368245,
350,E0721300057201,中瀬グラウンド,福島県伊達市保原町中瀬字上松27-2,,1,,1,,1,,,,37.840840666219,140.55835081901,
351,E0721300058201,旧富成小学校,福島県伊達市保原町富沢字羽山5-3,1,1,,1,,1,1,,1,37.784912,140.546714,
352,E0721300059201,富成地区交流館,福島県伊達市保原町富沢字羽山8,1,1,,1,,1,1,,1,37.785433,140.545922,
353,E0721300060201,伊達中央交流館,福島県伊達市北後22-1,1,1,,1,,1,1,,1,37.821959,140.498827,
354,E0721300061201,粟野小学校,福島県伊達市梁川町粟野字沼頭28,,1,,1,,1,,,1,37.850227,140.581083,
355,E0721300062201,梁川福祉会館,福島県伊達市梁川町元陣内1-2,,1,,1,,1,,,1,37.8566829991,140.608414,
356,E0721300063201,五十沢地区交流館,福島県伊達市梁川町五十沢字宮下4-1,1,1,,1,,1,1,,1,37.880728454558,140.61894205502,
357,E0721300064201,旧五十沢小学校,福島県伊達市梁川町五十沢字宮下90-4,1,1,,1,,1,1,,1,37.882806533104,140.62073686147,
358,E0721300065201,五十沢運動広場,福島県伊達市梁川町五十沢字松林183,1,1,,1,,1,1,,,37.879659181541,140.61054996571,
359,E0721300066201,旧山舟生小学校,福島県伊達市梁川町山舟生字高倉61,1,,,1,,1,1,,1,37.876838647424,140.66160268664,
360,E0721300067201,山舟生地区交流館,福島県伊達市梁川町山舟生字坊前18,1,1,,1,,1,1,,1,37.875993,140.662524,
361,E0721300069201,梁川中学校,福島県伊達市梁川町字菖蒲沢141-6,1,1,,1,,1,1,,1,37.854533546151,140.61242218768,
362,E0721300070201,梁川寿健康センター,福島県伊達市梁川町字菖蒲沢84,1,1,,1,,1,1,,1,37.855768536188,140.61657548937,
363,E0721300071201,梁川総合支所,福島県伊達市梁川町字青葉町1,1,1,,1,,1,1,,1,37.845501712685,140.60132613931,
364,E0721300073201,伊達高等学校梁川校舎,福島県伊達市梁川町字鶴ヶ岡33,1,1,,1,,1,1,,,37.853873,140.611648,
365,E0721300078201,梁川中央交流館,福島県伊達市梁川町字南本町35,,1,,1,,1,,,1,37.855373082228,140.60205277516,
366,E0721300079201,梁川体育館,福島県伊達市梁川町字北町頭70,1,1,,1,,1,1,,1,37.858328,140.614433,
367,E0721300080201,梁川小学校,福島県伊達市梁川町字北本町21-1,,1,,1,,1,,,1,37.857696398895,140.60188009635,
368,E0721300081201,新田ふれあいセンター,福島県伊達市梁川町字陽光台1-1,1,1,,1,,1,1,,1,37.837908065345,140.59357868476,
369,E0721300082201,旧富野小学校グラウンド,福島県伊達市梁川町舟生字沢口20,1,1,,1,,1,1,,,37.871407,140.626489,
370,E0721300119201,富野地区交流館,福島県伊達市梁川町舟生字沢口20-7,1,1,,1,,1,,,1,37.871229,140.625767,
371,E0721300083201,旧富野地区交流館,福島県伊達市梁川町舟生字堂前55,1,1,,1,,1,1,,1,37.871594,140.628562,
372,E0721300084201,堰本地区交流館,福島県伊達市梁川町新田字寺山4-5,1,1,,1,,1,1,,,37.830363,140.601829,
373,E0721300085201,堰本小学校,福島県伊達市梁川町新田字南荒野33,1,1,,1,,1,1,,1,37.831089,140.601541,
374,E0721300087201,旧大枝小学校グラウンド,福島県伊達市梁川町東大枝字東荒田2,1,1,,1,,1,1,,,37.877446,140.59272,
375,E0721300088201,大枝農村広場,福島県伊達市梁川町東大枝字北町132,1,1,,1,,1,1,,,37.877989675126,140.59525402011,
376,E0721300089201,東大枝地区交流館,福島県伊達市梁川町東大枝字北町132-1,1,1,,1,,1,1,,1,37.87735634561,140.59561325197,
377,E0721300090201,粟野地区交流館,福島県伊達市梁川町二野袋字昭和3-2,,1,,1,,1,,,1,37.8501095405,140.579964567,
378,E0721300091201,白根農村広場,福島県伊達市梁川町白根字若林78,1,1,,1,,1,1,,,37.855275,140.666445,
379,E0721300092201,伊達市ウエルネスサロン白根,福島県伊達市梁川町白根字馬場10,1,1,,1,,1,1,,1,37.848226155214,140.65659227298,
380,E0721300093201,旧白根地区交流館,福島県伊達市梁川町白根字北向15,1,1,,1,,1,1,,1,37.84689285086,140.65652522245,
381,E0721300094201,道の駅「伊達の郷りょうぜん」,福島県伊達市霊山町下小国字桜町3-1,1,,,1,,1,1,,1,37.766782571402,140.58835272936,
382,E0721300095201,小国小学校,福島県伊達市霊山町下小国字中島26-1,1,1,,1,,1,1,,1,37.766437964854,140.57928961118,
383,E0721300096201,下小国中央集会所,福島県伊達市霊山町下小国字堀ノ内1,1,,,,,1,1,,1,37.768467,140.579239,
384,E0721300097201,霊山中学校,福島県伊達市霊山町掛田字下川原30,1,1,,1,,1,1,,1,37.788087367637,140.59502603597,
385,E0721300098201,霊山運動広場,福島県伊達市霊山町掛田字荷鞍廻1-4,1,,,1,,1,1,,,37.784677,140.605611,
386,E0721300099201,掛田小学校,福島県伊達市霊山町掛田字高ノ上2,1,1,,1,,1,1,,1,37.789781210947,140.59315427337,
387,E0721300100202,霊山中央交流館,福島県伊達市霊山町掛田字西裏17,1,1,,1,,1,1,,1,37.783559,140.592457,
388,E0721300100201,霊山体育館,福島県伊達市霊山町掛田字西裏17,1,1,,,,1,1,,1,37.783933,140.592595,
389,E0721300103201,霊山総合福祉センター,福島県伊達市霊山町掛田字町田14-5,1,,,1,,1,1,,1,37.779856,140.598452,
390,E0721300105201,山戸田中央集会所,福島県伊達市霊山町山戸田字宮下1,1,1,,1,,1,1,,1,37.775123,140.618285,
391,E0721300106201,山野川ふれあいセンター,福島県伊達市霊山町山野川字根元35-1,1,,,1,,1,1,,1,37.807331501839,140.6017597128,
392,E0721300107201,小国地区交流館,福島県伊達市霊山町上小国字腰巻7,1,1,,1,,1,1,,1,37.74442630688,140.56222675744,
393,E0721300108201,石戸地区交流館,福島県伊達市霊山町石田字宮下12-8,1,1,,1,,1,1,,1,37.7625632519,140.629004853,
394,E0721300109201,旧石田小学校,福島県伊達市霊山町石田字的場6,1,1,,1,,1,1,,1,37.759222,140.635721,
395,E0721300110201,泉原勤労者交流センター,福島県伊達市霊山町泉原字米田3-3,1,1,,1,,1,1,,1,37.813653,140.62077,
396,E0721300111201,旧泉原小学校,福島県伊達市霊山町泉原字米田5,1,1,,1,,1,1,,1,37.813947,140.621218,
397,E0721300112201,旧大石小学校,福島県伊達市霊山町大石字三ノ輪27,1,,,1,,1,1,,1,37.801301361017,140.6378498792,
398,E0721300113201,霊山地区交流館,福島県伊達市霊山町大石字西舘73,1,1,,1,,1,1,,1,37.803078,140.632422,
399,E0721300114201,中川集落センター,福島県伊達市霊山町中川字丹鶴1,1,1,,1,,1,1,,1,37.792345814578,140.61995029303,
400,E0721300115201,聖光学院高等学校,福島県伊達市六角3,1,1,,1,,1,1,,1,37.826010080319,140.4995676309,
401,E0736200001201,旭田小学校,福島県下郷町大字塩生字金堀場1935-1,1,1,,1,,1,1,1,1,37.251129957062,139.87503598698,
402,E0736200002201,下郷ふれあいセンター,福島県下郷町大字塩生字大石1000,1,1,,1,,1,1,1,1,37.254769234569,139.87304359264,
403,E0736200003201,大川ふるさと公園,福島県下郷町大字沢田字下林1888,1,1,,1,,1,1,1,1,37.244996197649,139.85683294174,
404,E0736200004201,下郷中学校,福島県下郷町大字中妻字大百刈5,1,1,,1,,1,1,1,1,37.259913915432,139.87267494216,
405,E0742100001201,稲荷塚公園,福島県会津坂下町字稲荷塚165,1,1,,1,,1,1,,,37.56623254,139.8099214,
406,E0742100002201,桜ヶ丘公園,福島県会津坂下町字舘ノ内甲2433,1,1,,1,,1,1,,,37.5632946,139.8183658,
407,E0742100003201,会津農林高等学校グラウンド,福島県会津坂下町字曲田1391,1,1,,1,,1,1,,1,37.55525916,139.8226118,
408,E0742100008201,緑町公園,福島県会津坂下町字上口503,,1,,1,,1,,,,37.56205406,139.8267097,
409,E0742100009201,坂下東小学校グラウンド,福島県会津坂下町字上口705,,1,,1,,1,,,1,37.56090875,139.8328225,
410,E0742100010201,坂下中央公園,福島県会津坂下町字西南町裏3998-2,1,1,,1,,1,,,,37.56036691,139.8211721,
411,E0742100011201,ステーションばんげ南公園,福島県会津坂下町字石田1486-10,1,1,,1,,1,1,,,37.55673097,139.8210395,
412,E0742100012201,坂下南小学校グラウンド,福島県会津坂下町字石田甲650,1,1,,1,,1,1,,1,37.55795321,139.8205688,
413,E0742100013201,坂下中学校グラウンド,福島県会津坂下町字惣六83,1,1,,1,,1,1,,1,37.56317814,139.8116599,
414,E0742100015201,台ノ宮公園,福島県会津坂下町字台ノ下861,,1,,1,,1,,,,37.55890863,139.8312745,
415,E0742100016201,諏訪公園,福島県会津坂下町字中岩田198,1,1,,1,,1,1,,,37.56181643,139.8139126,
416,E0742100020201,若宮コミュニティセンター　グラウンド,福島県会津坂下町大字牛川字寿ノ宮1715,1,1,,1,,1,1,,1,37.54276351,139.8162243,
417,E0742100021201,若宮コミュニティセンター,福島県会津坂下町大字牛川字寿ノ宮1890,1,1,,1,,1,1,,1,37.542519,139.817058,
418,E0742100022201,牛沢公園,福島県会津坂下町大字牛川字中島2592,1,1,,1,,1,1,,,37.54659822,139.8053694,
419,E0742100024201,旧坂本分校前広場,福島県会津坂下町大字坂本字宮前甲940-2,1,,,1,,1,1,,1,37.55680234,139.7655131,
420,E0742100025201,花ちゃん公園,福島県会津坂下町大字青木字宮田205,,1,,1,,1,,,,37.58761623,139.8381774,
421,E0742100026201,広瀬コミュニティセンター　グラウンド,福島県会津坂下町大字青木字青木139,,1,,1,,1,,,1,37.58783104,139.8368963,
422,E0742100027201,広瀬コミュニティセンター,福島県会津坂下町大字青木字八峠234-1,,1,,1,,1,,,,37.58756961,139.8360503,
423,E0742100029201,川西コミュニティセンター　グラウンド,福島県会津坂下町大字大上字柳ノ下甲312,1,1,,1,,1,,,1,37.58772594,139.8101412,
424,E0742100030201,八幡コミュニティセンター,福島県会津坂下町大字塔寺字松原２８４７－ロ2,1,,,,,1,1,,,37.57544437,139.799413,
425,E0742100031201,八幡コミュニティセンター　グラウンド,福島県会津坂下町大字塔寺字北原787,1,1,,1,,1,1,,1,37.57580576,139.7997188,
426,E0742100032201,旧坂下高等学校グラウンド,福島県会津坂下町大字白狐字古川甲1090,1,1,,1,,1,1,,1,37.55436661,139.819275,
427,E0742100033201,川西公園,福島県会津坂下町大字八日沢字飯沼1,1,1,,1,,1,,,,37.58203538,139.8111673,
428,E0742100034201,金上コミュニティセンター,福島県会津坂下町大字福原字家東59,,1,,1,,1,,,1,37.55150065,139.8453631,
429,E0742100035201,福原公園,福島県会津坂下町大字福原字中田218,,1,,1,,1,,,,37.55036395,139.8405399,
430,E0742100036201,ばんげひがし公園,福島県会津坂下町大字福原字殿田98,,1,,1,,1,,,,37.55344864,139.8362692,
431,E0742100038201,金上コミュニティセンター　グラウンド,福島県会津坂下町大字福原字福川原字913,,1,,1,,1,,,1,37.55098342,139.8437065,
432,E0742100039201,高寺コミュニティセンター,福島県会津坂下町大字片門字宮ノ下1900,,1,,1,,1,,,1,37.575294,139.76212,
433,E0742100040201,高寺コミュニティセンター　グラウンド,福島県会津坂下町大字片門字片門甲32-2,,1,,1,,1,,,1,37.57524389,139.7631911,
434,E0720200001201,物流修景緑地,福島県会津若松市インター西120,1,1,,1,,1,1,,,37.520575993321,139.91793230577,
435,E0720200204201,物流２号緑地,福島県会津若松市インター西3,1,1,,1,,1,1,,,37.5277984017609,139.914202192385,
436,E0720200002201,物流１号緑地,福島県会津若松市インター西94,1,1,,1,,1,1,,,37.522269,139.917382,
437,E0720200003201,松長１号公園,福島県会津若松市一箕町松長1-1-1,1,1,,1,,1,1,,,37.53041883,139.9543978,
438,E0720200212201,松長近隣公園予定地,福島県会津若松市一箕町松長1-17-1,1,1,,1,,1,1,,,37.5315106745499,139.956688997354,
439,E0720200005201,松長１号緑地,福島県会津若松市一箕町松長2-2-17,1,1,,1,,1,1,,,37.52745358,139.95389933,
440,E0720200180201,松長コミュニティセンター,福島県会津若松市一箕町松長4-9-108,1,1,,1,,1,1,,1,37.528366,139.959203,
441,E0720200006201,松長小学校,福島県会津若松市一箕町松長4-9-2,1,1,,1,,1,1,,1,37.52608,139.957237,
442,E0720200187201,松長５号公園,福島県会津若松市一箕町松長6-1-7,1,1,,1,,1,1,,,37.525063,139.962264,
443,E0720200007201,つるかめ公園,福島県会津若松市一箕町大字亀賀,1,1,,1,,1,1,,,37.51968357,139.93817137,
444,E0720200011201,公立学校法人会津大学,福島県会津若松市一箕町大字鶴賀字上居合90,1,1,,1,,1,1,,1,37.523684,139.93804,
445,E0720200012201,一箕中学校,福島県会津若松市一箕町大字八幡字堰下70,1,1,,1,,1,1,,1,37.516914,139.953904,
446,E0720200220201,飯盛山市営観光客用無料駐車場,福島県会津若松市一箕町大字八幡字牛ヶ墓244-5,1,1,,1,,1,1,,,37.5043734966122,139.950955430856,
447,E0720200014201,福島県立会津学鳳中学校・高等学校,福島県会津若松市一箕町大字八幡字八幡1-1,1,1,,1,,1,1,,1,37.510687981704,139.94364273411,
448,E0720200015201,ふれあい体育館,福島県会津若松市一箕町大字八幡字八幡2-1,1,1,,,,1,1,,1,37.510336365343,139.94575747212,
449,E0720200016201,大塚山墓園,福島県会津若松市一箕町大字八幡字北滝沢1,1,1,,1,,1,1,,,37.51376337,139.94446479,
450,E0720200017201,公立学校法人会津大学短期大学部,福島県会津若松市一箕町大字八幡字門田1-1,1,1,,1,,1,1,,1,37.506915,139.946127,
451,E0720200199201,蒲生氏郷記念公園,福島県会津若松市栄町121-1,1,1,,1,,1,1,,,37.4966151099572,139.929197249343,
452,E0720200175201,生涯学習総合センター（會津稽古堂）,福島県会津若松市栄町3-50,1,1,,1,,1,1,,1,37.496695,139.929844,
453,E0720200018201,中央児童公園,福島県会津若松市栄町87,1,1,,1,,1,1,,,37.497061963863,139.92974468484,
454,E0720200019201,駅前公園,福島県会津若松市駅前町406,1,1,,1,,1,1,,,37.50706135,139.93078146,
455,E0720200020201,岡田農村公園,福島県会津若松市河東町岡田字方便44,1,1,,1,,1,1,,,37.577837218,139.91164829,
456,E0720200193201,東台公園,福島県会津若松市河東町金田字東台25,1,1,,1,,1,1,,,37.537089,139.945264,
457,E0720200021201,河東第三幼稚園,福島県会津若松市河東町熊野堂字高舘175,1,1,,1,,1,1,,1,37.563376,139.918027,
458,E0720200022201,河東公民館,福島県会津若松市河東町郡山字中子山32,1,1,,,,1,1,,1,37.549902,139.926799,
459,E0720200024201,郡山農村公園,福島県会津若松市河東町郡山字東29-1,1,1,,1,,1,1,,,37.5483066828,139.918539566,
460,E0720200025201,旧河東第一幼稚園,福島県会津若松市河東町広田字塩新182,1,1,,1,,1,1,,,37.544105,139.933571,
461,E0720200026201,旧河東第一小学校,福島県会津若松市河東町広田字塩新205,1,1,,1,,1,1,,,37.544645,139.933352,
462,E0720200027201,広田保育所,福島県会津若松市河東町広田字横堀15,1,1,,1,,1,1,,1,37.549078,139.927409,
463,E0720200028201,広田西公園,福島県会津若松市河東町広田字横堀42-1,1,1,,1,,1,1,,,37.550788422973,139.92663205709,
464,E0720200031201,旧河東中学校,福島県会津若松市河東町広田字東116,1,1,,,,1,1,,,37.55205621663,139.93885039521,
465,E0720200032201,河東総合体育館,福島県会津若松市河東町浅山字石堀山40-1,1,1,,1,,1,1,,1,37.546039,139.956485,
466,E0720200033201,代田農村公園,福島県会津若松市河東町代田字代田114,1,1,,1,,1,1,,,37.562733949803,139.90450273096,
467,E0720200034201,西部農村運動公園,福島県会津若松市河東町代田字北畑396,,1,,1,,1,1,,,37.5667787067,139.901160665,
468,E0720200035201,旧大田原保育所,福島県会津若松市河東町大田原字村中152,1,1,,1,,1,1,,,37.56460219696,139.91695812335,
469,E0720200036201,旧河東第三小学校,福島県会津若松市河東町大田原字村中186,1,1,,1,,1,1,,,37.564391,139.917532,
470,E0720200037201,河東学園　前期課程,福島県会津若松市河東町南高野字金剛田1,1,1,,1,,1,1,,1,37.555277270343,139.93046114138,
471,E0720200037202,河東学園　後期課程,福島県会津若松市河東町南高野字金剛田1,1,1,,1,,1,1,,1,37.555828,139.928986,
472,E0720200038201,河東農村環境改善センター,福島県会津若松市河東町南高野字向原19,1,1,,1,,1,1,,1,37.552485,139.931223,
473,E0720200039201,南高野農村公園,福島県会津若松市河東町南高野字南高野5-2,1,1,,1,,1,1,,,37.5568716871,139.931693546,
474,E0720200040201,高塚公園,福島県会津若松市河東町南高野字葉山2,1,1,,1,,1,1,,,37.55700808,139.94475792,
475,E0720200041201,八田野農村公園,福島県会津若松市河東町八田字宮ノ上1,1,1,,1,,1,1,,,37.5479079315,139.975964858,
476,E0720200042201,桜石農村公園,福島県会津若松市河東町八田字桜石109,1,1,,1,,1,1,,,37.545767537,139.989360945,
477,E0720200043201,漆沢農村公園,福島県会津若松市河東町八田字漆沢48,1,1,,1,,1,1,,,37.5519582197,139.961888921,
478,E0720200044201,稲荷原農村公園,福島県会津若松市河東町八田字水上100,1,1,,1,,1,1,,,37.536992008462,139.97518021446,
479,E0720200045201,強清水農村公園,福島県会津若松市河東町八田字清水廻戸山1113,1,1,,1,,1,1,,,37.517164499,139.992599603,
480,E0720200046201,旧河東第二小学校,福島県会津若松市河東町八田字八田野127,1,1,,1,,1,1,,,37.545036,139.972314,
481,E0720200047201,旧八田保育所跡地　,福島県会津若松市河東町八田字八田野310,1,1,,1,,1,1,,,37.54360227986,139.97512137878,
482,E0720200048201,八田地区交流センター,福島県会津若松市河東町八田字八田野539,1,1,,1,,1,1,,1,37.5427742812,139.974951757,
483,E0720200173201,中央保育所,福島県会津若松市花春町2-1,1,1,,1,,1,1,,1,37.489911,139.939957,
484,E0720200219201,国指定名勝会津松平氏庭園（御薬園）西側駐車場,福島県会津若松市花春町8-1,1,1,,1,,1,1,,,37.4911811395365,139.942867365884,
485,E0720200049201,薬師公園,福島県会津若松市館馬町153,,1,,1,,1,1,,,37.48094712,139.92090044,
486,E0720200230201,扇町１２号公園,福島県会津若松市亀賀1-10,1,1,,1,,1,1,,,37.5165895309363,139.935661372527,
487,E0720200224201,扇町３号公園,福島県会津若松市亀賀2-11,1,1,,1,,1,1,,,37.516823,139.938668,
488,E0720200050201,居合１号公園,福島県会津若松市居合町27,1,1,,1,,1,1,,,37.51985109,139.94607722,
489,E0720200203201,錦町広場,福島県会津若松市錦町1-1,,1,,1,,1,1,,,37.4836003305395,139.925307340703,
490,E0720200051201,金川町公園,福島県会津若松市金川町556,1,1,,1,,1,1,,,37.50575253,139.92051943,
491,E0720200052201,東公民館,福島県会津若松市慶山1-1-53,1,,,1,,1,1,,1,37.493006946202,139.94599060274,
492,E0720200053201,東山小学校,福島県会津若松市慶山1-2-1,1,,,1,,1,1,,1,37.494139,139.946127,
493,E0720200054201,愛宕山公園,福島県会津若松市慶山2-94,1,1,,1,,1,1,,,37.4927447,139.95173407,
494,E0720200190201,さつき美咲公園,福島県会津若松市五月町153,,1,,1,,1,1,,,37.50243,139.912428,
495,E0720200191201,五月町わんぱく公園,福島県会津若松市五月町6,,1,,1,,1,1,,,37.499974,139.913061,
496,E0720200176201,行仁コミュニティセンター,福島県会津若松市行仁町5-32,1,1,,1,,1,1,,1,37.49861,139.937198,
497,E0720200056201,行仁小学校,福島県会津若松市行仁町6-1,1,1,,1,,1,1,,1,37.498750515035,139.93794078902,
498,E0720200057201,北公民館,福島県会津若松市高野町大字上高野字村前28,1,1,,1,,1,1,,1,37.521883,139.911155,
499,E0720200058201,永和小学校,福島県会津若松市高野町大字上高野字村内43-1,1,1,,1,,1,1,,1,37.525015761158,139.90922970972,
500,E0720200059201,木流農村公園,福島県会津若松市高野町大字木流字橋本492,1,1,,1,,1,1,,,37.543693,139.915818,
501,E0720200060201,住吉児童公園,福島県会津若松市材木町1-183,,1,,1,,1,1,,,37.48763097,139.90994167,
502,E0720200179201,城西コミュニティセンター,福島県会津若松市材木町1-3-38,,1,,1,,1,1,,1,37.486539,139.913472,
503,E0720200061201,材木町公園,福島県会津若松市材木町2-173,,1,,1,,1,1,,,37.48470441,139.91017232,
504,E0720200215201,わかばふれあい広場,福島県会津若松市材木町2-365,,1,,1,,1,1,,,37.484477596267,139.912213650199,
505,E0720200062201,第四中学校,福島県会津若松市桜町110,,1,,1,,1,1,,1,37.481362,139.912798,
506,E0720200228201,扇町８号公園,福島県会津若松市山見1-4,1,1,,1,,1,1,,,37.5064416237808,139.939440996675,
507,E0720200227201,扇町７号公園,福島県会津若松市山見2-4,1,1,,1,,1,1,,,37.5091015476752,139.940718071367,
508,E0720200063201,一箕小学校,福島県会津若松市山見町220,1,1,,1,,1,1,,1,37.506359,139.940294,
509,E0720200184201,謹教コミュニティセンター,福島県会津若松市山鹿町1-22,,1,,1,,1,1,,1,37.490587,139.925112,
510,E0720200065201,第一中学校,福島県会津若松市蚕養町11-1,1,1,,1,,1,1,,1,37.505394238473,139.93497383458,
511,E0720200223201,七日町市民広場,福島県会津若松市七日町1-21,1,1,,1,,1,1,,,37.499206,139.924901,
512,E0720200066201,松長２号公園,福島県会津若松市松長3-13-93,1,1,,1,,1,1,,,37.528417740674,139.95607504915,
513,E0720200067201,松長緑道,福島県会津若松市松長4-9-5,1,1,,1,,1,1,,,37.527494098601,139.95728871576,
514,E0720200068201,松長４号公園,福島県会津若松市松長5-7-38,1,1,,1,,1,1,,,37.528829940422,139.96300182098,
515,E0720200069201,松長３号公園,福島県会津若松市松長6-12-26,1,1,,1,,1,1,,,37.526319899411,139.95971879714,
516,E0720200070201,城西町公園,福島県会津若松市城西町135,,1,,1,,1,1,,,37.48324363,139.9152566,
517,E0720200071201,第二中学校,福島県会津若松市城前1-7,1,1,,1,,1,1,,1,37.490157738096,139.93392240864,
518,E0720200072201,つばくろ公園,福島県会津若松市城前60-1,,1,,1,,1,1,,,37.49028239,139.93645991,
519,E0720200073201,鶴ケ城公園（鶴ケ城体育館）　,福島県会津若松市城東町,,1,,,,1,1,,,37.48794297,139.92986573,
520,E0720200182201,鶴城コミュニティセンター,福島県会津若松市城東町1-47,,1,,1,,1,1,,1,37.489583,139.934538,
521,E0720200075201,小田垣公園,福島県会津若松市城東町351,,1,,1,,1,1,,,37.48845641,139.9363847,
522,E0720200198201,城北町１号公園,福島県会津若松市城北町171-3,1,1,,1,,1,1,,,37.504584077278,139.925922579396,
523,E0720200076201,城北小学校,福島県会津若松市城北町2-1,1,1,,1,,1,1,,1,37.504137,139.926129,
524,E0720200077201,さくら公園,福島県会津若松市真宮新町南1-153,,1,,1,,1,1,,,37.513774030711,139.87588299228,
525,E0720200078201,昭和公園,福島県会津若松市真宮新町南3-113,,1,,1,,1,1,,,37.51660812599,139.87639202003,
526,E0720200181201,真宮コミュニティセンター,福島県会津若松市真宮新町南3-33,,1,,1,,1,1,,1,37.518159,139.875486,
527,E0720200079201,中央公園,福島県会津若松市真宮新町南4-129,,1,,1,,1,1,,,37.521453847277,139.87470473461,
528,E0720200081201,亀公園,福島県会津若松市真宮新町北2-113,,1,,1,,1,1,,,37.525086353411,139.86958520691,
529,E0720200214201,緑地（みどり）公園,福島県会津若松市真宮新町北4-105,,1,,1,,1,1,,,37.5301591075322,139.869938499776,
530,E0720200083201,たかく公園,福島県会津若松市神指町大字高久字高久233-2,,1,,1,,1,1,,,37.542261470431,139.87756461705,
531,E0720200205201,赤ベコ公園,福島県会津若松市神指町大字高久字北條163-12,,1,,1,,1,1,,,37.5436546273796,139.875668386758,
532,E0720200084201,中央公民館神指分館,福島県会津若松市神指町大字高瀬字大道東105,,1,,1,,1,1,,1,37.517525,139.901095,
533,E0720200085201,神指小学校,福島県会津若松市神指町大字高瀬字大道東108-3,,1,,1,,1,1,,1,37.518856241642,139.90000756798,
534,E0720200086201,第六中学校,福島県会津若松市神指町大字黒川字湯川東296,1,1,,1,,1,1,,1,37.511358,139.910852,
535,E0720200206201,大川南四合緑地,福島県会津若松市神指町大字南四合,,1,,1,,1,1,,,37.4987707019491,139.890920659128,
536,E0720200171201,会津若松ザベリオ学園,福島県会津若松市西栄町1-18,1,1,,1,,1,1,,1,37.492268,139.925155,
537,E0720200188201,西栄町公園,福島県会津若松市西栄町34,1,1,,1,,1,1,,,37.494795,139.923667,
538,E0720200088201,福島県立葵高等学校,福島県会津若松市西栄町4-61,1,1,,1,,1,1,,1,37.493861,139.926129,
539,E0720200089201,七日町公園,福島県会津若松市西七日町137,,1,,1,,1,1,,,37.50172728,139.91514346,
540,E0720200174201,西七日町児童館,福島県会津若松市西七日町2-33,,1,,,,1,1,,1,37.501951,139.915124,
541,E0720200178201,城北コミュニティセンター,福島県会津若松市石堂町10-65,1,1,,1,,1,1,,1,37.505007,139.925273,
542,E0720200091201,城西小学校,福島県会津若松市川原町4-1,,1,,1,,1,1,,1,37.488849289961,139.91648154382,
543,E0720200194201,扇町１号公園,福島県会津若松市扇町1-1,1,1,,1,,1,1,,,37.511421049823,139.936588017557,
544,E0720200196201,扇町６号公園,福島県会津若松市扇町2-3,1,1,,1,,1,1,,,37.510507,139.938333,
545,E0720200195201,扇町２号公園,福島県会津若松市扇町3-5,1,1,,1,,1,1,,,37.5144931496027,139.934441797609,
546,E0720200093201,大戸中学校,福島県会津若松市大戸町上三寄香塩211-1,1,,,1,,1,1,,1,37.395817,139.93641,
547,E0720200094201,大戸公民館,福島県会津若松市大戸町上三寄香塩479,1,1,,1,,1,1,,1,37.398034,139.932456,
548,E0720200095201,大戸小学校,福島県会津若松市大戸町上三寄大豆田116,1,,,1,,1,1,,1,37.392385402654,139.93446927876,
549,E0720200098201,名子屋町児童公園,福島県会津若松市大町2-7,1,1,,1,,1,1,,,37.5021,139.928318,
550,E0720200099201,大町中央公園,福島県会津若松市中央2-120,1,1,,1,,1,1,,,37.50324291,139.93136495,
551,E0720200222201,中町まちなか市民広場,福島県会津若松市中町2,,1,,1,,1,1,,,37.4970797328159,139.924340219513,
552,E0720200101201,石堂町公園,福島県会津若松市町北町大字上荒久田字崖下18,1,1,,1,,1,1,,,37.51228886,139.92640755,
553,E0720200103201,追手町第二庁舎,福島県会津若松市追手町2-41,,1,,1,,1,1,,,37.489695,139.928074,
554,E0720200172201,仁愛高等学校,福島県会津若松市鶴賀町1-5,1,1,,1,,1,1,,,37.521036,139.946337,
555,E0720200104201,鶴賀３号緑地,福島県会津若松市堤町126,1,1,,1,,1,1,,,37.517614,139.951909,
556,E0720200201201,居合緑地,福島県会津若松市堤町89,1,1,,1,,1,1,,,37.518253,139.950886,
557,E0720200105201,黒岩公園,福島県会津若松市天神町320,,1,,1,,1,1,,,37.4814114,139.93435713,
558,E0720200106201,福島県立会津工業高等学校,福島県会津若松市徒之町1-37,1,1,,1,,1,1,,1,37.49275,139.93474,
559,E0720200107201,福島県立葵高等学校第二グラウンド,福島県会津若松市東栄町2-72,1,1,,1,,1,1,,,37.4934,139.929196,
560,E0720200108201,鶴城小学校,福島県会津若松市東栄町7-7,1,1,,1,,1,1,,1,37.493027,139.931407,
561,E0720200109201,くつろぎ緑地,福島県会津若松市東山町大字石山,1,,,1,,1,1,,,37.48659102,139.95121561,
562,E0720200221201,東山市営観光客用無料駐車場,福島県会津若松市東山町大字石山字院内418,1,,,1,,1,1,,,37.4825192726464,139.955919403316,
563,E0720200192201,千石東の杜公園,福島県会津若松市東千石2-131,1,1,,1,,1,1,,,37.4990990025257,139.94452144015,
564,E0720200186201,千石さくら公園,福島県会津若松市東千石3-230,1,1,,1,,1,1,,,37.497504,139.94742,
565,E0720200183201,城南コミュニティセンター,福島県会津若松市東年貢1-11-2,,1,,1,,1,1,,1,37.475565,139.930836,
566,E0720200110201,第三中学校,福島県会津若松市湯川町4-20,,1,,1,,1,1,,1,37.488216776297,139.91896641117,
567,E0720200225201,扇町４号公園,福島県会津若松市藤原2-25,1,1,,1,,1,1,,,37.5149587134697,139.938083752499,
568,E0720200226201,扇町５号公園,福島県会津若松市藤原2-7,1,1,,1,,1,1,,,37.513509,139.941292,
569,E0720200202201,橋詰広場,福島県会津若松市南花畑257-1,,1,,1,,1,1,,,37.4842382623508,139.926031679087,
570,E0720200113201,日新町公園,福島県会津若松市日新町689,,1,,1,,1,1,,,37.49570028,139.91801239,
571,E0720200114201,日新小学校,福島県会津若松市日新町7-40,,1,,1,,1,1,,1,37.496399080445,139.91807027063,
572,E0720200177201,日新コミュニティセンター,福島県会津若松市日新町8-28,,1,,1,,1,1,,1,37.497572,139.918321,
573,E0720200229201,扇町９号公園,福島県会津若松市白虎1-3,1,1,,1,,1,1,,,37.5066715639008,139.936677226145,
574,E0720200115201,大町白虎公園,福島県会津若松市白虎町82-1,1,1,,1,,1,1,,,37.50815676,139.93389362,
575,E0720200209201,八角１３号緑地,福島県会津若松市八角町55-52,1,1,,1,,1,1,,,37.50304613541,139.947360723416,
576,E0720200117201,八幡２号緑地,福島県会津若松市飯盛2-84,1,1,,1,,1,1,,,37.500343936511,139.94781859858,
577,E0720200118201,飯盛１号公園,福島県会津若松市飯盛3-302-45,1,1,,1,,1,1,,,37.5019136,139.95030506,
578,E0720200119201,東部公園,福島県会津若松市桧町418,1,1,,1,,1,1,,,37.50014783,139.94568743,
579,E0720200120201,福島県立会津高等学校,福島県会津若松市表町3-1,,1,,1,,1,1,,1,37.480529,139.929463,
580,E0720200121201,福島県立若松商業高等学校,福島県会津若松市米代1-3-31,,1,,1,,1,1,,1,37.487472,139.924185,
581,E0720200122201,謹教小学校,福島県会津若松市米代1-5-33,1,1,,1,,1,1,,1,37.489048900129,139.92266280053,
582,E0720200218201,白山沼公園,福島県会津若松市北会津町下荒井,,1,,1,,1,1,,,37.5103281932192,139.86678968136,
583,E0720200217201,大木の芝原公園,福島県会津若松市北会津町下荒井162,1,1,,1,,1,1,,,37.5101020715747,139.86545134302,
584,E0720200123201,多目的農村広場,福島県会津若松市北会津町下荒井31-2,,1,,1,,1,1,,,37.505533,139.866538,
585,E0720200213201,ホタルの森公園,福島県会津若松市北会津町下荒井字宮ノ東22,1,1,,1,,1,1,,,37.4986996189429,139.870423214762,
586,E0720200124201,荒舘小学校,福島県会津若松市北会津町下荒井字八幡前13,,1,,1,,1,1,,1,37.507408,139.867442,
587,E0720200126201,下荒井農村公園,福島県会津若松市北会津町下荒井上ノ台26,1,1,,1,,1,1,,,37.503461851382,139.8669425332,
588,E0720200207201,蟹川緑地,福島県会津若松市北会津町蟹川,,1,,1,,1,1,,,37.5078513629884,139.883267617132,
589,E0720200127201,蟹川農村公園,福島県会津若松市北会津町蟹川字村東3032,,1,,1,,1,1,,,37.502071754516,139.88229145198,
590,E0720200128201,宮袋農村公園,福島県会津若松市北会津町宮袋字上大沼1-1,,1,,1,,1,1,,,37.488307341195,139.85174613024,
591,E0720200129201,鷺林農村公園,福島県会津若松市北会津町鷺林字六百苅19-1,1,1,,1,,1,1,,,37.494053498411,139.86099617144,
592,E0720200130201,三本松農村公園,福島県会津若松市北会津町三本松字中大川向14,,1,,1,,1,1,,,37.476947109847,139.89459929628,
593,E0720200131201,川南小学校,福島県会津若松市北会津町小松490-2,,1,,1,,1,1,,1,37.465484781403,139.88073375756,
594,E0720200132201,小松農村公園,福島県会津若松市北会津町小松字小松900-1,,1,,1,,1,1,,,37.468052282724,139.88205488149,
595,E0720200133201,真渡農村公園,福島県会津若松市北会津町真宮字真渡572,,1,,1,,1,1,,,37.515777038853,139.87357633392,
596,E0720200134201,水季の里公園,福島県会津若松市北会津町水季の里152,,1,,1,,1,1,,,37.476014304036,139.89248672791,
597,E0720200135201,麻島農村公園,福島県会津若松市北会津町大島字カト68-4,1,1,,1,,1,1,,,37.474016692338,139.86435037516,
598,E0720200136201,北会津中学校,福島県会津若松市北会津町中荒井2107-1,,1,,1,,1,1,,1,37.496602,139.872862,
599,E0720200137201,北会津公民館,福島県会津若松市北会津町中荒井字宮西1-1,,1,,,,1,1,,1,37.492146,139.874196,
600,E0720200138201,北会津農村環境改善センター,福島県会津若松市北会津町中荒井字宮西16,,1,,1,,1,1,,1,37.492024,139.872971,
601,E0720200141201,東麻生農村公園,福島県会津若松市北会津町東麻生字宮田15,,1,,1,,1,1,,,37.485850913362,139.87266012587,
602,E0720200142201,新庄農村公園,福島県会津若松市北会津町本田字中村47,,1,,1,,1,1,,,37.502302851586,139.84761319905,
603,E0720200208201,滝沢１３号緑地,福島県会津若松市北滝沢1-52,1,1,,1,,1,1,,,37.511942193093,139.951645468811,
604,E0720200143201,一箕公民館,福島県会津若松市北滝沢2-5-6,1,1,,1,,1,1,,1,37.51362,139.946805,
605,E0720200144201,諏訪公園,福島県会津若松市本町33,,1,,1,,1,1,,,37.49319394,139.92163702,
606,E0720200145201,大川幼児公園,福島県会津若松市幕内東町125,,1,,1,,1,1,,,37.49095829,139.90734755,
607,E0720200146201,湊学園　前期課程,福島県会津若松市湊町大字共和字上馬渡171,1,1,,1,,1,1,,1,37.469419,140.011401,
608,E0720200147201,湊学園　後期課程,福島県会津若松市湊町大字共和字上馬渡226-1,1,,,1,,1,1,,,37.4691901202354,140.009956527979,
609,E0720200185201,基幹集落センター,福島県会津若松市湊町大字共和字西田面50,1,1,,1,,1,1,,1,37.466977,140.011834,
610,E0720200150201,湊公民館,福島県会津若松市湊町大字協和字西田面45,1,,,1,,1,1,,1,37.467423,140.011348,
611,E0720200151201,旧原小学校,福島県会津若松市湊町大字原字新橋118,,1,,1,,1,1,,,37.4487443497,140.01884586,
612,E0720200152201,旧双潟小学校,福島県会津若松市湊町大字静潟字宮ノ前19-1,,1,,1,,1,1,,,37.4551967411,140.043018247,
613,E0720200153201,会津レクリエーション公園,福島県会津若松市湊町大字赤井,1,1,,1,,1,1,,,37.513776910992,140.017890551,
614,E0720200154201,旧赤井小学校,福島県会津若松市湊町大字赤井字赤井5-1,1,1,,1,,1,1,,,37.4952374239,140.000722522,
615,E0720200200201,大川緑地,福島県会津若松市門田町大字一ノ堰,,1,,1,,1,1,,,37.454631,139.910368,
616,E0720200155201,一ノ堰１号緑地,福島県会津若松市門田町大字一ノ堰字村西595-22,,1,,1,,1,1,,,37.455685550972,139.9128807552,
617,E0720200216201,大川緑地便益施設用地,福島県会津若松市門田町大字一ノ堰字村西660-5,,1,,1,,1,1,,,37.4534064452174,139.911829752594,
618,E0720200156201,第五中学校,福島県会津若松市門田町大字御山字村下314,,1,,1,,1,1,,1,37.469974,139.925575,
619,E0720200157201,会津総合運動公園（あいづ総合体育館）,福島県会津若松市門田町大字御山字村上164,1,1,,1,,1,1,,1,37.46185809,139.92523816,
620,E0720200159201,小田山公園,福島県会津若松市門田町大字黒岩字主山丙460-1,1,1,,1,,1,1,,,37.480118043921,139.943517511,
621,E0720200189201,石高公園,福島県会津若松市門田町大字黒岩字大坪219-1,1,,,1,,1,1,,,37.472604,139.932228,
622,E0720200160201,城南小学校,福島県会津若松市門田町大字黒岩字大坪25-1,1,1,,1,,1,1,,1,37.475529,139.933074,
623,E0720200161201,門田小学校,福島県会津若松市門田町大字中野字村前1-1,,1,,1,,1,1,,1,37.468921236097,139.92222064101,
624,E0720200162201,南公民館,福島県会津若松市門田町大字中野字大道西13,,1,,1,,1,1,,1,37.467567,139.922114,
625,E0720200163201,徳久４号緑地,福島県会津若松市門田町大字徳久字竹之元1069-10,,1,,1,,1,1,,,37.4749446663,139.910163143,
626,E0720200197201,徳久公園,福島県会津若松市門田町大字徳久字竹之元933-12,,1,,1,,1,1,,,37.4730611037466,139.91136421904,
627,E0720200164201,小金井小学校,福島県会津若松市門田町大字日吉字小金井48,,1,,1,,1,1,,1,37.477248,139.918805,
628,E0720200211201,飯寺１９号緑地,福島県会津若松市門田町大字飯寺字上川原1-73,,1,,1,,1,1,,,37.4674018729868,139.904851919297,
629,E0720200210201,飯寺１１号緑地,福島県会津若松市門田町大字飯寺字村東289-41,,1,,1,,1,1,,,37.476557,139.91007,
630,E0720200166201,飯寺１２号緑地,福島県会津若松市門田町大字飯寺字村東616-14,,1,,1,,1,1,,,37.472140561136,139.90794168701,
631,E0720200167201,門田緑地,福島県会津若松市門田町大字飯寺字村東710-1,,1,,1,,1,1,,,37.466824925403,139.90771101703,
632,E0720200168201,緑町公園,福島県会津若松市緑町234,,1,,1,,1,1,,,37.49485108,139.91209506,
633,E0744700002201,旧旭小学校（グラウンド）,福島県会津美里町旭舘端字田中乙455,1,1,,1,,1,1,,1,37.42705,139.8357,
634,E0744700002202,宮川生涯学習センター旭体育場,福島県会津美里町旭舘端字田中乙455,1,1,,1,,1,1,,1,37.427354782256,139.83500670544,
635,E0744700003201,宮川生涯学習センター,福島県会津美里町永井野字宮前1706-5,1,1,,,,1,1,,1,37.44550160618,139.82638382254,
636,E0744700004201,ふれあいセンター「あやめ荘」,福島県会津美里町下堀字中川360-4,1,1,,1,,1,1,,1,37.458483095205,139.84500762069,
637,E0744700005201,宮川生涯学習センター尾岐体育場,福島県会津美里町吉田字前通256,1,1,,1,,1,1,,1,37.431242,139.809461,
638,E0744700006202,旧尾岐小学校（グラウンド）,福島県会津美里町吉田字村中甲150,1,1,,1,,1,1,,,37.43159476393,139.80980405126,
639,E0744700007201,新鶴体育館,福島県会津美里町佐賀瀬川字峯山5003,1,1,,1,,1,1,,1,37.50706435737,139.81159334824,
640,E0744700008201,森の子公園,福島県会津美里町字黒川90,,1,,1,,1,1,,,37.45718451,139.89806189,
641,E0744700009201,星の子公園,福島県会津美里町字黒川内29-2,,1,,1,,1,1,,,37.457689907036,139.89595293528,
642,E0744700010201,本郷運動場,福島県会津美里町字山道上47,,1,,1,,1,1,,,37.4527512839,139.882655442,
643,E0744700013201,会津美里町複合文化施設,福島県会津美里町字新布才地1,1,1,,1,,1,1,,1,37.465192682876,139.83432812235,
644,E0744700014201,風の子公園,福島県会津美里町字新用地275,,1,,1,,1,1,,,37.455272004054,139.89526159185,
645,E0744700015201,瀬戸町ふれあい広場,福島県会津美里町字瀬戸屋前甲2220,,1,,1,,1,1,,,37.453541275746,139.88907006881,
646,E0744700016201,本郷中学校（体育館）,福島県会津美里町字川原町1933,1,1,,1,,1,1,,1,37.454165174574,139.88332067706,
647,E0744700016202,本郷中学校（グラウンド）,福島県会津美里町字川原町1933,,1,,1,,1,1,,1,37.454003351778,139.88393758512,
648,E0744700016203,本郷中学校（校舎）,福島県会津美里町字川原町1933,1,1,,1,,1,1,,1,37.454510111469,139.88373910166,
649,E0744700017201,高田体育館,福島県会津美里町字東川原3244-1,1,1,,1,,1,1,,1,37.462606,139.84555,
650,E0744700018201,高田中学校（グラウンド）,福島県会津美里町字布才地570,1,1,,1,,1,1,,1,37.461958396788,139.83373950162,
651,E0744700018202,高田中学校（体育館）,福島県会津美里町字布才地570,1,1,,1,,1,1,,1,37.461813623075,139.83499477545,
652,E0744700018203,高田中学校（校舎）,福島県会津美里町字布才地570,1,1,,1,,1,1,,1,37.461472977939,139.83478019872,
653,E0744700019201,門前町駐車場,福島県会津美里町字布才地665-1,1,1,,1,,1,1,,,37.458605789872,139.83540786152,
654,E0744700020201,高田小学校（グラウンド）,福島県会津美里町字法憧寺南3505,1,1,,1,,1,1,,1,37.460469876284,139.84228190976,
655,E0744700020202,高田小学校（体育館）,福島県会津美里町字法憧寺南3505,1,1,,1,,1,1,,1,37.461091560829,139.84157380657,
656,E0744700020203,高田小学校（校舎）,福島県会津美里町字法憧寺南3505,1,1,,1,,1,1,,1,37.460648717573,139.84115538196,
657,E0744700021201,福島県立会津西陵高等学校（第２体育館）,福島県会津美里町字法憧寺北3473,1,1,,1,,1,1,,1,37.462445382761,139.8431651371,
658,E0744700021202,福島県立会津西陵高等学校（第１体育館）,福島県会津美里町字法憧寺北3473,1,1,,1,,1,1,,1,37.46294144092,139.84341726475,
659,E0744700021203,福島県立会津西陵高等学校（グラウンド）,福島県会津美里町字法憧寺北3473,1,1,,1,,1,1,,1,37.463500155317,139.84301915893,
660,E0744700021204,福島県立会津西陵高等学校（校舎）,福島県会津美里町字法憧寺北3473,1,1,,1,,1,1,,1,37.46264414218,139.8422914064,
661,E0744700039201,会津美里町役場本郷庁舎・本郷生涯学習センター,福島県会津美里町字北川原41,1,1,,1,,1,1,,1,37.453112,139.884035,
662,E0744700022201,旧本郷第一小学校（グラウンド）,福島県会津美里町字本郷2765,,1,,1,,1,1,,,37.45138297087,139.88784468145,
663,E0744700023201,道上公園,福島県会津美里町字本郷道上105,,1,,1,,1,1,,,37.45542959,139.88149191,
664,E0744700024202,本郷小学校（体育館）,福島県会津美里町字本郷道上34,1,1,,1,,1,1,,1,37.455029913623,139.88223975251,
665,E0744700024203,本郷小学校（校舎）,福島県会津美里町字本郷道上34,1,1,,1,,1,1,,1,37.454574259072,139.88229876111,
666,E0744700024201,本郷小学校（グラウンド）,福島県会津美里町字本郷道上34,,1,,1,,1,1,,1,37.455302453337,139.88217537949,
667,E0744700025201,ふれあいの森公園,福島県会津美里町鶴野辺字下長尾2398,1,1,,1,,1,1,,,37.510222754709,139.81246184148,
668,E0744700026201,新鶴生涯学習センター,福島県会津美里町鶴野辺字広町730,1,1,,1,,1,1,,1,37.511264612151,139.83118401081,
669,E0744700027201,新鶴高齢者福祉センター,福島県会津美里町鶴野辺字広町751-1,1,1,,1,,1,1,,1,37.512418455269,139.82943486011,
670,E0744700028202,新鶴小学校（体育館）,福島県会津美里町鶴野辺字北三百苅775,1,1,,1,,1,1,,1,37.512501128585,139.8304593762,
671,E0744700028203,新鶴小学校（校舎）,福島県会津美里町鶴野辺字北三百苅775,1,1,,1,,1,1,,1,37.512475597582,139.83095826708,
672,E0744700028201,新鶴小学校（グラウンド）,福島県会津美里町鶴野辺字北三百苅775,1,1,,1,,1,1,,1,37.512122417819,139.83073296152,
673,E0744700029202,新鶴中学校（体育館）,福島県会津美里町鶴野辺字北三百苅830,1,1,,1,,1,1,,1,37.513333423564,139.83111822399,
674,E0744700029203,新鶴中学校（校舎）,福島県会津美里町鶴野辺字北三百苅830,1,1,,1,,1,1,,1,37.513410015665,139.83053350243,
675,E0744700029201,新鶴中学校（グラウンド）,福島県会津美里町鶴野辺字北三百苅830,1,1,,1,,1,1,,1,37.512988758139,139.83085536751,
676,E0744700032202,高田生涯学習センター赤沢体育場,福島県会津美里町八木沢字伴右エ門前3503,1,,,,,1,1,,1,37.475556,139.817875,
677,E0744700032201,旧赤沢小学校（グラウンド）,福島県会津美里町八木沢字伴右エ門前3503,1,,,1,,1,1,,1,37.475106057786,139.81753177953,
678,E0744700033201,関山農村公園,福島県会津美里町氷玉字家ノ下1,1,,,1,,1,1,,,37.4136055492,139.875305829,
679,E0744700034201,宮川小学校（グラウンド）,福島県会津美里町冨川字上中川161-1,1,1,,1,,1,1,,1,37.445458576965,139.83507670337,
680,E0744700034202,宮川小学校（体育館）,福島県会津美里町冨川字上中川161-1,1,1,,1,,1,1,,1,37.44624222623,139.83491040641,
681,E0744700034203,宮川小学校（校舎）,福島県会津美里町冨川字上中川161-1,1,1,,1,,1,1,,1,37.44597391246,139.83535565311,
682,E0744700035201,旧藤川小学校（グラウンド）,福島県会津美里町冨川字冨岡167,1,1,,1,,1,1,,1,37.443315591033,139.84740085527,
683,E0744700035202,旧藤川小学校（体育館）,福島県会津美里町冨川字冨岡167,1,1,,,,1,1,,1,37.443387995829,139.84680540487,
684,E0744700037201,螺良岡農村公園,福島県会津美里町福重岡字屋敷廻乙388-1,1,1,,1,,1,1,,,37.432845493267,139.872406865,
685,E0744700038201,本郷第二体育館,福島県会津美里町福重岡字桜ノ下32,1,1,,1,,1,1,,1,37.435709429504,139.87956312956,
686,E0754800008201,葛尾中学校,福島県葛尾村大字落合字菅ノ又14-2,1,1,,1,,1,,,1,37.498968502048,140.76385083499,
687,E0754800009201,葛尾村健康増進センター,福島県葛尾村大字落合字菅ノ又14-5,1,1,,1,,1,,,1,37.498253501083,140.76317849504,
688,E0754800010201,葛尾村地域福祉センター,福島県葛尾村大字落合字菅ノ又6-1,,,,1,,1,,,1,37.499712,140.759277,
689,E0754800012201,葛尾小学校,福島県葛尾村大字落合字西ノ内50,1,1,,1,,1,,,1,37.503639954941,140.76328550506,
690,E0754800016201,葛尾村村民会館,福島県葛尾村大字落合字落合16,1,1,,1,,1,,,1,37.503569855732,140.76453770048,
691,E0720800001201,福島県立テクノアカデミー会津,福島県喜多方市塩川町御殿場4-16,,1,,1,,1,,1,,37.59689869,139.8801442,体育館299校庭2090
692,E0720800002201,堂島小学校,福島県喜多方市塩川町四奈川字西鎧召2076-1,,1,,1,,1,,1,,37.60963167,139.8569626,体育館173校庭2395
693,E0720800003201,堂島公園,福島県喜多方市塩川町四奈川字前田2157,,,,1,,1,,1,,37.60846187,139.8565728,
694,E0720800004201,堂島地区公民館,福島県喜多方市塩川町四奈川字前田丙574,1,1,,,,1,,1,,37.60880937,139.856589,
695,E0720800005201,御殿場公園運動広場,福島県喜多方市塩川町字御殿場4-17,,,,1,,1,,,,37.598282,139.880499,
696,E0720800006201,塩川中学校,福島県喜多方市塩川町字高道1551,,1,,1,,1,,1,1,37.60007134,139.8914494,体育館284校庭6058
697,E0720800007201,塩川保健福祉センター「いきいきセンター」,福島県喜多方市塩川町字身神300-1,,1,,1,,1,,1,1,37.59845056,139.8889954,
698,E0720800008201,ふるさと会館,福島県喜多方市塩川町字身神300-7,,1,,,,1,,1,,37.59814062,139.8889185,
699,E0720800009201,中央公園,福島県喜多方市塩川町字東栄町1-11-1,,,,1,,1,,,,37.59254299,139.8909952,
700,E0720800010201,塩川小学校,福島県喜多方市塩川町字東栄町2-1-1,,1,,1,,1,,,,37.59427026,139.8912825,体育館175校庭2280
701,E0720800011202,塩川体育館,福島県喜多方市塩川町字東岡320-1,,1,,1,,1,,1,1,37.59767117,139.8882842,
702,E0720800011201,塩川公民館,福島県喜多方市塩川町字東岡320-1,,1,,,,1,,1,1,37.59779602,139.8887755,
703,E0720800012201,姥堂小学校,福島県喜多方市塩川町小府根字曽谷田151-1,,1,,1,,1,,1,,37.61513525,139.89074,体育館118校庭2453
704,E0720800013201,姥堂地区公民館,福島県喜多方市塩川町新江木字橋本前田6-1,1,1,,1,,1,,1,,37.61490031,139.890098,
705,E0720800014201,駒形地区公民館,福島県喜多方市塩川町中屋沢字竹の花1372-1,1,1,,1,,1,,1,,37.6023752,139.9112237,
706,E0720800015201,駒形小学校,福島県喜多方市塩川町中屋沢字竹屋丙32-1,1,1,,1,,1,,1,,37.60294769,139.913682,体育館163校庭1439
707,E0720800016201,関柴小学校,福島県喜多方市関柴町三津井字下政所850,1,1,,1,,1,,1,,37.65147739,139.9003296,体育館103校庭4705
708,E0720800017201,上高額公園,福島県喜多方市関柴町上高額字西村1143-1,,,,1,,1,,1,,37.643757158746,139.883625838153,
709,E0720800018201,関柴公民館,福島県喜多方市関柴町平林字政所1601-2,1,1,,1,,1,,1,,37.65105851,139.9015183,
710,E0720800019201,喜多方市ひばりが丘球場,福島県喜多方市岩月町喜多方字北山ノ神244,,,,1,,1,,1,,37.6595655,139.8782509,
711,E0720800020201,第三小学校,福島県喜多方市岩月町喜多方字林崎591-1,,1,,1,,1,,1,,37.66803449,139.8876666,体育館105校庭3950
712,E0720800021202,岩月夢想館,福島県喜多方市岩月町宮津字東原4843-1,1,1,,,,1,,1,,37.67780769,139.8994459,
713,E0720800021201,岩月交遊館,福島県喜多方市岩月町宮津字東原4843-1,1,1,,1,,1,,1,,37.677622,139.899037,
714,E0720800023201,熊倉小学校,福島県喜多方市熊倉町熊倉字クネ添1433,,1,,1,,1,,1,,37.64329483,139.9227195,体育館105校庭2848
715,E0720800024201,熊倉公民館,福島県喜多方市熊倉町熊倉字壇ノ前1511,1,1,,1,,1,,1,,37.642187,139.922612,
716,E0720800025201,権現森公園,福島県喜多方市熊倉町都字輪具丙841-3,,,,1,,1,,1,,37.646508891894,139.936583896746,
717,E0720800026201,泡ノ巻公園,福島県喜多方市慶徳町山科字泡ノ巻4781,,,,1,,1,,1,,37.611121,139.80118,
718,E0720800027201,慶徳小学校,福島県喜多方市慶徳町豊岡字今町381,1,1,,1,,1,,1,,37.63338092,139.8346986,体育館129校庭3978
719,E0720800028201,慶徳ふれあい館,福島県喜多方市慶徳町豊岡字本町2790-2,1,1,,1,,1,,1,,37.63167481,139.8364413,
720,E0720800029201,高郷運動広場,福島県喜多方市高郷町夏井字菅沼3691-1,,,,1,,1,,1,1,37.60696142,139.7521429,
721,E0720800029202,高郷体育館,福島県喜多方市高郷町夏井字菅沼3691-1,1,1,,1,,1,,1,1,37.60798712,139.7529043,
722,E0720800030201,高郷中学校寄宿舎,福島県喜多方市高郷町上郷字廻戸丁432-3,1,1,,,,1,,1,,37.60690369,139.732987,
723,E0720800031201,高郷多目的広場,福島県喜多方市高郷町上郷字西海枝34,,,,1,,1,,1,,37.6150444523521,139.732762280897,
724,E0720800032201,高郷中学校,福島県喜多方市高郷町上郷字中平94,1,1,,1,,1,,1,1,37.60811875,139.7318094,体育館173校庭10214
725,E0720800033201,高郷公民館,福島県喜多方市高郷町上郷字天神後戊417,1,1,,,,1,,1,,37.613959,139.72434,
726,E0720800034201,高郷小学校,福島県喜多方市高郷町上郷字堀田戊287,1,1,,1,,1,,1,,37.61442473,139.7249745,体育館209校庭2937
727,E0720800035201,カイギュウランドたかさと,福島県喜多方市高郷町西羽賀字和尚堂3163,1,1,,1,,1,,1,,37.60082395,139.7556027,
728,E0720800037201,旧山都第三小学校,福島県喜多方市山都町一ノ木字中在家乙1722,,,,1,,1,,1,,37.71908008,139.7794783,校庭3376
729,E0720800038201,山都森林スポーツ公園,福島県喜多方市山都町三津合字山4021-2,,,,1,,1,,1,,37.646375,139.760381,
730,E0720800039201,山都体育館,福島県喜多方市山都町字広中新田1165,1,1,,,,1,,1,1,37.64344082,139.7691925,
731,E0720800040201,山都保健センター,福島県喜多方市山都町字広中新田1176,1,1,,1,,1,,1,,37.64456603,139.7688589,
732,E0720800041201,山都中学校,福島県喜多方市山都町字上ノ原道西875,1,1,,1,,1,,1,1,37.64507369,139.7708242,体育館269校庭5550
733,E0720800042201,山都小学校,福島県喜多方市山都町字上ノ原道西905-2,1,1,,1,,1,,1,,37.64350023,139.771154,体育館175校庭3510
734,E0720800043201,耶麻農業高校,福島県喜多方市山都町字上ノ山平4299-1,1,1,,1,,1,,1,,37.63756263,139.7591618,体育館316校庭6714
735,E0720800045201,山都開発センター,福島県喜多方市山都町字葎田960,1,1,,,,1,,1,,37.64375889,139.7697105,
736,E0720800046201,旧山都第二小学校（現ハッピーランドあいかわ）,福島県喜多方市山都町相川字鶴巻田甲978-1,,,,1,,1,,1,,37.67939929,139.7936711,校庭3830
737,E0720800047201,さつきが丘公園,福島県喜多方市字さつきが丘59,,,,1,,1,,1,,37.6420674,139.8752379,
738,E0720800048202,喜多方市押切川公園体育館,福島県喜多方市字押切1-86,,1,,1,,1,,1,1,37.65412111,139.8629944,
739,E0720800048201,押切川公園スポーツ広場,福島県喜多方市字押切1-86,,,,1,,1,,1,1,37.65652775,139.86445,
740,E0720800049201,喜多方プラザ文化センター,福島県喜多方市字押切2-1,,1,,1,,1,,1,,37.65238482,139.8620578,
741,E0720800050201,花園公園,福島県喜多方市字花園11,,,,1,,1,,1,,37.65559784,139.8708893,
742,E0720800051201,経壇公園,福島県喜多方市字経壇72,,,,1,,1,,1,,37.65873726,139.8704323,
743,E0720800052201,御清水公園,福島県喜多方市字御清水東7238-3,,,,1,,1,,1,,37.65089977,139.8739361,
744,E0720800053201,喜多方高校,福島県喜多方市字桜ガ丘1-129,,1,,1,,1,,1,,37.65890427,139.8742788,体育館663校庭9870
745,E0720800054201,桜壇公園,福島県喜多方市字桜ガ丘1-70,,,,1,,1,,1,,37.66070492,139.8725096,
746,E0720800055201,桜ガ丘公園,福島県喜多方市字桜ガ丘2-104,,,,1,,1,,1,,37.6629567,139.8735264,
747,E0720800056201,東町公園,福島県喜多方市字蒔田3104,,,,1,,1,,1,,37.65577105,139.8833313,
748,E0720800057201,喜多方市総合福祉センター,福島県喜多方市字上江3646-1,1,1,,1,,1,,1,1,37.65552699,139.8856348,
749,E0720800058201,第二中学校,福島県喜多方市字常盤台25,1,1,,1,,1,,1,1,37.66674572,139.8736715,体育館433校庭7102
750,E0720800059201,常盤台公園,福島県喜多方市字常盤台26,,,,1,,1,,1,,37.66633155,139.8727451,
751,E0720800060201,第一小学校,福島県喜多方市字水上6868,,1,,1,,1,,1,,37.65642159,139.8744204,体育館210校庭5975
752,E0720800061201,西四ツ谷公園,福島県喜多方市字西四ツ谷116,,,,1,,1,,1,,37.65292277,139.8777538,
753,E0720800062201,西四ツ谷南公園,福島県喜多方市字西四ツ谷362,,,,1,,1,,1,,37.64892183,139.8784959,
754,E0720800063201,大荒井公園,福島県喜多方市字大荒井15,,,,1,,1,,1,,37.6720278880438,139.864346910629,
755,E0720800064201,第一中学校,福島県喜多方市字谷地田上7573,,1,,1,,1,,1,1,37.64534216,139.8753815,体育館401校庭8256
756,E0720800065201,第三中学校,福島県喜多方市字南原3475,1,1,,1,,1,,1,1,37.65677713,139.8884553,体育館223校庭7480
757,E0720800066201,喜多方勤労青少年体育センター,福島県喜多方市字舞台田3119-1,1,1,,,,1,,1,,37.65685408,139.8830729,
758,E0720800066202,喜多方市勤労青少年ホーム,福島県喜多方市字舞台田3119-1,1,1,,,,1,,1,,37.65683797,139.8826885,
759,E0720800067201,喜多方市武道館,福島県喜多方市字舞台田3119-9,1,1,,,,1,,1,,37.65695158,139.8834743,
760,E0720800068201,天満公園,福島県喜多方市字北原8810-1,,,,1,,1,,1,,37.64821358,139.8662221,
761,E0720800069201,北町公園,福島県喜多方市字北町上119,,,,1,,1,,1,,37.65817091,139.8792522,
762,E0720800070201,第二小学校,福島県喜多方市字六百苅7373,,1,,1,,1,,1,,37.64836019,139.8737214,体育館388校庭5161
763,E0720800071201,松山公民館,福島県喜多方市松山町村松字桜清水1974,1,1,,1,,1,,1,,37.67159963,139.8756415,
764,E0720800072201,松山小学校,福島県喜多方市松山町村松字大坪1943-1,1,1,,1,,1,,1,,37.67174017,139.8738416,体育館142校庭6309
765,E0720800073201,上三宮遊樹館,福島県喜多方市上三宮町上三宮字下松原2559-1,,1,,1,,1,,1,,37.68108232,139.8613499,
766,E0720800074201,上三宮小学校,福島県喜多方市上三宮町上三宮字下松原2561-1,,1,,1,,1,,1,,37.68271139,139.8610607,体育館114校庭5584
767,E0720800075201,上三宮公園,福島県喜多方市上三宮町上三宮字籬山758-3,,,,1,,1,,1,,37.68612702,139.862452,
768,E0720800077201,熱塩加納宮川公園,福島県喜多方市熱塩加納町宮川字若宮地内,,,,1,,1,,1,,37.71543661,139.8459715,
769,E0720800078201,熱塩小学校,福島県喜多方市熱塩加納町山田字堂ノ下甲1613,,1,,1,,1,,1,,37.7256553,139.8797841,体育館98校庭3296
770,E0720800079201,加納小学校,福島県喜多方市熱塩加納町西土合甲1325,1,1,,1,,1,,1,,37.70845228,139.8567847,体育館121校庭3896
771,E0720800080202,熱塩加納体育館,福島県喜多方市熱塩加納町相田字大森5000,1,1,,,,1,,1,1,37.71952371,139.8732919,
772,E0720800080201,熱塩加納運動場,福島県喜多方市熱塩加納町相田字大森5000,,,,1,,1,,1,1,37.71852086,139.8730666,
773,E0720800081201,会北中学校,福島県喜多方市熱塩加納町米岡字下台乙839,1,1,,1,,1,,1,1,37.72054566,139.8632609,体育館245校庭6952
774,E0720800083201,豊川公民館,福島県喜多方市豊川町一井字間々ノ上676-5,1,1,,1,,1,,1,,37.63408215,139.8753419,
775,E0720800084201,豊川小学校,福島県喜多方市豊川町一井字八百苅688,,1,,1,,1,,1,,37.63390455,139.8757949,体育館128校庭3230
776,E0720800085201,まごころ斎苑豊川,福島県喜多方市豊川町高堂太字免田1075-2,,,,1,,1,,1,,37.63004651,139.8909206,
777,E0720800086201,喜多方桐桜高校,福島県喜多方市豊川町米室字高吉4344-5,,1,,1,,1,,1,,37.63801278,139.8704917,体育館611校庭8240
778,E0720800087201,中央公園（昭和電工施設）,福島県喜多方市豊川町米室字中田5473-1,,,,1,,1,,1,,37.64064492,139.8734866,
779,E0734200001201,鏡石町立鏡石中学校,福島県鏡石町旭町158,1,,,1,,1,1,,1,37.246031388018,140.34838969803,
780,E0734200003201,不時沼公園,福島県鏡石町岡ノ内172,1,,,1,,1,1,,,37.254559194899,140.34151113819,
781,E0734200004201,仁井田多目的集会所,福島県鏡石町岡ノ内229-9,1,,,1,,1,1,,1,37.257775313766,140.33879423752,
782,E0734200005201,久来石転作センター,福島県鏡石町久来石281-10,1,,,1,,1,1,,1,37.228505950256,140.3270038734,
783,E0734200007201,鏡田転作センター,福島県鏡石町鏡沼62,1,,,1,,1,1,,1,37.265451613728,140.35366861401,
784,E0734200009201,高久田多目的集会所,福島県鏡石町高久田107,1,,,1,,1,1,,1,37.269698638717,140.35845337324,
785,E0734200010201,成田保健センター,福島県鏡石町成田343,1,,,1,,1,1,,,37.23275,140.38208,
786,E0734200012201,前山公園,福島県鏡石町前山352,1,,,1,,1,1,,,37.250086042395,140.33772569948,
787,E0734200013201,鏡田大池団地児童遊園,福島県鏡石町大池50,1,,,1,,1,1,,,37.269977349168,140.35106506033,
788,E0734200014201,鏡石町立第一小学校,福島県鏡石町中央1,1,,,1,,1,1,,1,37.252422601044,140.34252996561,
789,E0734200015201,鏡石幼稚園,福島県鏡石町中町271-4,1,,,1,,1,1,,1,37.248452,140.342378,
790,E0734200017201,笠石児童遊園（笠石多目的集会所）,福島県鏡石町中町672,1,,,1,,1,1,,,37.242708763967,140.34088827378,
791,E0734200018201,笠石杉林児童遊園,福島県鏡石町東町460,1,,,1,,1,1,,,37.239087846442,140.34622261918,
792,E0734200019201,三区不時沼児童遊園,福島県鏡石町不時沼194,1,,,1,,1,1,,,37.255080112248,140.34569538425,
793,E0734200020201,鏡石町立第二小学校,福島県鏡石町豊郷中238,1,,,1,,1,1,,1,37.241602814621,140.35792693254,
794,E0734200021201,鏡石保育所,福島県鏡石町本町43-6,1,,,1,,1,1,,1,37.258553003534,140.35146899038,
795,E0734200022201,鳥見山公園,福島県鏡石町緑町199,1,,,1,,1,1,,,37.249016948335,140.3540617407,
796,E0750200001201,道の駅たまかわ,福島県玉川村大字岩法寺字宮ノ前140-2,1,1,,1,,1,1,,,37.222660222458,140.41862504415,
797,E0750200002201,岩法寺農業構造改善センター,福島県玉川村大字岩法寺字湯神前159,1,1,,1,,1,1,,1,37.230671918735,140.40755065881,
798,E0750200003201,吉集会所,福島県玉川村大字吉字杉内109-1,1,1,,1,,1,1,,1,37.205521083811,140.43849727576,
799,E0750200004201,山小屋コミュニティセンター,福島県玉川村大字山小屋字丸内田207-71,1,1,,1,,1,1,,1,37.209475726526,140.47401199978,
800,E0750200005201,たまかわ観光交流施設,福島県玉川村大字四辻新田字村中131,1,1,,1,,1,1,,1,37.236956669881,140.49521494505,
801,E0750200006201,四辻新田農業研修所,福島県玉川村大字四辻新田字村中131-2,1,1,,1,,1,1,,1,37.237404502856,140.49506209088,
802,E0750200007201,たまかわ文化体育館,福島県玉川村大字小高字大谷地71,1,1,,1,,1,1,,1,37.204880830498,140.41743709404,
803,E0750200008201,玉川第一小学校,福島県玉川村大字小高字中村前50,1,1,,1,,1,1,,1,37.214955747549,140.41192926477,
804,E0750200009201,玉川村就業改善センター,福島県玉川村大字小高字中畷10-1,1,1,,1,,1,1,,1,37.210911718471,140.40849777179,
805,E0750200010201,玉川村保健センター,福島県玉川村大字小高字中畷16-1,1,1,,1,,1,1,,1,37.210885582059,140.40782518223,
806,E0750200011201,川辺公民館,福島県玉川村大字川辺字和尚平13,1,1,,1,,1,1,,1,37.193969273499,140.41218311207,
807,E0750200012201,玉川中学校,福島県玉川村大字中字前作田71,1,1,,1,,1,1,,1,37.218784657121,140.41092402815,
808,E0750200014201,須釜公民館,福島県玉川村大字南須釜字奥平108,1,1,,1,,1,1,,1,37.213480734731,140.45051431723,
809,E0750200015201,すがまプラザ交流センター,福島県玉川村大字南須釜字奥平290,1,1,,1,,1,1,,1,37.212497598102,140.4525030915,
810,E0750200016201,須釜小学校,福島県玉川村大字南須釜字堂ノ内200,1,1,,1,,1,1,,1,37.210563065692,140.45036210054,
811,E0750200017201,蒜生農業構造改善センター,福島県玉川村大字蒜生字宮下38-1,1,1,,1,,1,1,,1,37.204951149831,140.41032909841,
812,E0750200018201,北須釜生活改善センター,福島県玉川村大字北須釜字堀ノ内133,1,1,,1,,1,1,,1,37.218752661402,140.44890476653,
813,E0750200019201,竜崎集会所,福島県玉川村大字竜崎字金堀75,,1,,1,,1,,,1,37.233792403571,140.39922193236,
814,E0744500041201,越川集会所,福島県金山町大字越川字下前田975-3,1,1,,,,,1,,,37.399659079406,139.46941358533,
815,E0744500033201,橋立集会所,福島県金山町大字越川字下村1652,,1,,,,,1,,,37.427476641132,139.48329350724,
816,E0744500029201,上横田集会所,福島県金山町大字横田字浜子1400,1,,,,,,1,,,37.392272020813,139.43408099086,
817,E0744500019201,自然教育村会館,福島県金山町大字玉梨字上中井1384,1,,,,,,1,,,37.412800729738,139.54895101784,
818,E0744500007201,玉梨集会所,福島県金山町大字玉梨字上中井1409-3,1,1,,,,,1,,,37.413150114101,139.55003642561,
819,E0744500011201,新遠路集会所,福島県金山町大字山入字居平951,1,1,,,,,1,,,37.373949968811,139.43898272996,
820,E0744500001201,藤倉集会所,福島県金山町大字山入字藤倉居平3887,1,,,,,,1,,,37.3564443402373,139.454488215149,
821,E0744500016201,下大牧集会所,福島県金山町大字水沼字下大牧2424,1,1,,,,,1,,,37.480883050431,139.57111860993,
822,E0744500031201,高倉集会所,福島県金山町大字水沼字高倉3592-1,1,1,,,,,1,,,37.480543534164,139.58155593519,
823,E0744500014201,上大牧集会所,福島県金山町大字水沼字上大牧2116,1,1,,,,,1,,,37.4849637472,139.56431672323,
824,E0744500017201,上田集会所,福島県金山町大字水沼字上田345-1,1,1,,,,,1,,,37.482835592191,139.54066640864,
825,E0744500002201,西谷集会所,福島県金山町大字西谷字下モ在家412,,1,,,,,1,,,37.445847079096,139.5102329286,
826,E0744500038201,川口集会所,福島県金山町大字川口字上町656-2,1,,,,,,1,,,37.452233818238,139.52229403703,
827,E0744500006201,太郎布集会所,福島県金山町大字太郎布字上村469,1,1,,,,,1,,,37.438982461751,139.55690097046,
828,E0744500034201,大塩集会所,福島県金山町大字大塩字上ノ山1872-2,1,,,,,,1,,,37.394961395222,139.41886319018,
829,E0744500026201,西部集会所,福島県金山町大字大塩字西部4336-3,1,,,,,,1,,,37.399312893323,139.46212727867,
830,E0744500027201,土倉集会所,福島県金山町大字大塩字土倉3653,,1,,,,,1,,,37.397175653353,139.43944343451,
831,E0744500025201,三更集会所,福島県金山町大字大栗山字雨沼2583-1,1,,,,,,1,,,37.462641820105,139.59166437611,
832,E0744500032201,大栗山部落公民館,福島県金山町大字大栗山字居平789,1,1,,,,,1,,,37.473711260638,139.55351083872,
833,E0744500030201,福沢集会所,福島県金山町大字大栗山字中居平1792,1,1,,,,,1,,,37.466758713765,139.57612087018,
834,E0744500018201,大志集会所,福島県金山町大字大志字居平8-1,1,1,,,,,1,,,37.464061998061,139.5300765609,
835,E0744500037201,滝沢集会所,福島県金山町大字滝沢字久保946-1,1,1,,,,,1,,,37.396817697878,139.40166943956,
836,E0744500009201,田沢集会所,福島県金山町大字田沢字居平418-1,1,,,,,,1,,,37.392152662019,139.40314000583,
837,E0744500008201,八町集会所,福島県金山町大字八町字居平660,1,1,,,,,1,,,37.423485540011,139.54698087415,
838,E0730100005201,醸芳小学校（グラウンド）,福島県桑折町字桑島三2-8,1,1,,1,,1,1,1,1,37.847488143054,140.5163416055,
839,E0730100006201,新和町公園,福島県桑折町字新和町45,1,1,,1,,1,1,1,,37.840530675767,140.51531291239,
840,E0730100009201,伊達崎小学校（グラウンド）,福島県桑折町大字下郡字細町1,,1,,1,,1,,1,,37.850311939984,140.54111179014,
841,E0730100012201,町民運動場,福島県桑折町大字上郡字弁慶20,1,1,,1,,1,1,1,1,37.847491762789,140.52865491606,
842,E0730100014201,醸芳中学校（グラウンド）,福島県桑折町大字上郡字柳下5,1,1,,1,,1,1,1,1,37.849822644256,140.5259197141,
843,E0730100015201,ふれあい公園,福島県桑折町大字上郡字林泉寺1-1,1,1,,1,,1,1,1,,37.847629632312,140.52566831875,
844,E0730100016201,睦合小学校（グラウンド）,福島県桑折町大字成田字堰上46-3,1,,,1,,1,1,1,,37.83936,140.501382,
845,E0730100020201,石塚公園,福島県桑折町大字谷地字石塚79,1,1,,1,,1,1,1,,37.85591192737,140.52082139387,
846,E0730100022201,半田醸芳小学校（グラウンド）,福島県桑折町大字南半田字上田町5,1,,,1,,1,1,1,,37.865040768019,140.52205138156,
847,E0720300001201,うねめ１号公園,福島県郡山市うねめ町125,1,1,,1,,1,1,1,,37.4136588,140.3334236,
848,E0720300002201,うねめ２号公園,福島県郡山市うねめ町225-1,1,1,,1,,1,1,1,,37.41168635,140.3365583,
849,E0720300003201,東部地域公民館,福島県郡山市阿久津町字久保24-1,1,1,,1,,1,1,1,1,37.405,140.413495,
850,E0720300004201,東芳小学校,福島県郡山市阿久津町字大闇250,1,1,,1,,1,1,1,1,37.403049,140.413309,
851,E0720300005201,荒池公園,福島県郡山市愛宕町133,1,1,,1,,1,1,1,,37.38944289,140.3763035,
852,E0720300006201,中央児童公園,福島県郡山市愛宕町135,1,1,,1,,1,1,1,,37.39027406,140.3755872,
853,E0720300009201,河内小学校,福島県郡山市逢瀬町河内字町東13-1,1,1,,1,,1,1,1,1,37.418044,140.273877,
854,E0720300010201,旧河内小学校夏出分校,福島県郡山市逢瀬町河内字鳥井戸6,1,1,,1,,1,1,1,1,37.444985,140.267765,
855,E0720300012201,多田野小学校堀口分校,福島県郡山市逢瀬町多田野字上古川林9-1,1,,,1,,1,1,1,1,37.412488,140.234714,
856,E0720300013201,逢瀬中学校,福島県郡山市逢瀬町多田野字長倉山1-1,1,1,,1,,1,1,1,1,37.406656,140.271933,
857,E0720300015201,多田野小学校,福島県郡山市逢瀬町多田野字南大界1,1,1,,1,,1,1,1,1,37.395824,140.272767,
858,E0720300016201,市立美術館,福島県郡山市安原町字大谷地130-2,1,1,,1,,1,1,1,,37.39272262,140.4201397,
859,E0720300018201,八幡公園,福島県郡山市安積1-149,,1,,1,,1,1,1,,37.36209,140.36906,
860,E0720300020201,笹原公園,福島県郡山市安積1-94,,1,,1,,1,1,1,,37.36381809,140.3677446,
861,E0720300021201,四ツ長公園,福島県郡山市安積2-131,,1,,1,,1,,1,,37.36197372,140.3655086,
862,E0720300022201,前田端公園,福島県郡山市安積2-273,,1,,1,,1,1,1,,37.35864361,140.3677339,
863,E0720300023201,桧ノ下公園,福島県郡山市安積3-73,,1,,1,,1,,1,,37.3564833,140.3645993,
864,E0720300024201,西宿公園,福島県郡山市安積4-294,1,1,,1,,1,1,1,,37.35124778,140.3660207,
865,E0720300025201,中田公園,福島県郡山市安積4-92,1,1,,1,,1,1,1,,37.35445846,140.3624449,
866,E0720300026201,茸谷地公園,福島県郡山市安積荒井1-142,1,1,,1,,1,1,1,,37.36791,140.3567,
867,E0720300027201,東前田公園,福島県郡山市安積荒井3-370,1,1,,1,,1,1,1,,37.37022216,140.3627912,
868,E0720300035201,安積第一小学校,福島県郡山市安積荒井本町125,,1,,1,,1,1,1,1,37.366941,140.364703,
869,E0720300028201,撫子前公園,福島県郡山市安積荒井本町211,1,1,,1,,1,,1,,37.36706335,140.3679488,
870,E0720300029201,神明公園,福島県郡山市安積荒井本町49,1,1,,1,,1,1,1,,37.36702013,140.3637862,
871,E0720300030201,三日市町内会集会所,福島県郡山市安積町安積4-43,1,,,,,,1,,,37.35415325,140.3637751,
872,E0720300032201,荒井３号公園,福島県郡山市安積町荒井字下北井前1-23,1,1,,1,,1,1,1,,37.37246345,140.3609111,
873,E0720300034201,柴宮４号公園,福島県郡山市安積町荒井字柴宮山27-100,1,1,,1,,1,1,1,,37.37471977,140.3346737,
874,E0720300039201,荒井１号公園,福島県郡山市安積町荒井字林ノ越8-31,1,1,,1,,1,1,1,,37.37072171,140.3578962,
875,E0720300040201,柴宮小学校,福島県郡山市安積町荒井字萬海7-1,1,1,,1,,1,1,1,1,37.373884,140.345816,
876,E0720300042201,吉田１号公園,福島県郡山市安積町笹川字吉田28-204,1,1,,1,,1,1,1,,37.34923323,140.3486587,
877,E0720300046201,天性寺,福島県郡山市安積町笹川字御所前28,1,,,,,,1,,,37.34970442,140.3655614,
878,E0720300047201,荒屋敷３号公園,福島県郡山市安積町笹川字荒屋敷1-34,1,1,,1,,1,,1,,37.35006216,140.3534834,
879,E0720300048201,荒屋敷２号公園,福島県郡山市安積町笹川字荒屋敷1-50,1,1,,1,,1,1,1,,37.35073479,140.3546335,
880,E0720300049201,荒池下２号公園,福島県郡山市安積町笹川字荒池下19-3,1,1,,1,,1,1,1,,37.34704381,140.3564238,
881,E0720300050201,安積公民館笹川分館,福島県郡山市安積町笹川字篠川59-7,1,,,,,,1,,,37.35124306,140.3686625,
882,E0720300052201,西長久保集会所,福島県郡山市安積町笹川字西長久保64-1,1,,,,,,1,,,37.36202146,140.3520226,
883,E0720300053201,中ノ渡戸公園,福島県郡山市安積町笹川字中ノ渡戸9-45,1,1,,1,,1,1,1,,37.34258841,140.3587233,
884,E0720300054201,北向公園,福島県郡山市安積町笹川字北向61-24,1,1,,1,,1,1,1,,37.34772232,140.3483607,
885,E0720300055201,明見前公園,福島県郡山市安積町笹川字明見前5-1,1,1,,1,,1,1,1,,37.35080366,140.3565041,
886,E0720300057201,安積第二中学校,福島県郡山市安積町成田字兎田向1-1,1,1,,1,,1,1,1,1,37.354164,140.339985,
887,E0720300058201,カルチャーパーク,福島県郡山市安積町成田字東丸山61,1,1,,1,,1,1,1,1,37.3674013,140.3297438,
888,E0720300059201,安積第三小学校,福島県郡山市安積町成田字北山崎18-3,1,1,,1,,1,1,1,1,37.354164,140.347762,
889,E0720300061201,安積消防センター,福島県郡山市安積町長久保1-16-37,1,,,,,,1,,1,37.360747,140.360382,
890,E0720300062201,長久保公園,福島県郡山市安積町長久保1-20-1,1,1,,1,,1,1,1,,37.36001965,140.3585452,
891,E0720300063201,長久保二丁目公園,福島県郡山市安積町長久保2-4-17,1,1,,1,,1,1,1,,37.35903727,140.3567305,
892,E0720300064201,長久保集会所,福島県郡山市安積町長久保2-4-35,1,,,,,,1,,,37.35926902,140.3568644,
893,E0720300065201,笹川公園,福島県郡山市安積町長久保3-27-1,1,1,,1,,1,1,1,,37.35581548,140.3588866,
894,E0720300066201,伝角田公園,福島県郡山市安積町長久保3-7-1,1,1,,1,,1,,1,,37.35702978,140.3608013,
895,E0720300067201,西勝田公園,福島県郡山市安積町長久保5-4-1,1,1,,1,,1,1,1,,37.35358328,140.3596998,
896,E0720300068201,南長久保集会所,福島県郡山市安積町南長久保1-127,1,,,,,,1,,,37.35613236,140.3559151,
897,E0720300069201,荒沼公園,福島県郡山市安積町南長久保1-175,1,1,,1,,1,1,1,,37.35630512,140.3565163,
898,E0720300070201,滝ノ尻公園,福島県郡山市安積町南長久保2-107,1,1,,1,,1,1,1,,37.35199624,140.3574668,
899,E0720300071201,深田公園,福島県郡山市安積町日出山1-97,,1,,1,,1,1,1,,37.37518317,140.3801015,
900,E0720300072201,池田公園,福島県郡山市安積町日出山2-52,,1,,1,,1,,1,,37.37585774,140.3831506,
901,E0720300073201,浮洲ケ岡公園,福島県郡山市安積町日出山2-95,,1,,1,,1,1,1,,37.37294602,140.3839102,
902,E0720300074201,安積公民館日出山分館,福島県郡山市安積町日出山3-123,,,,,,,1,,,37.3701804,140.3787237,
903,E0720300075201,篠原公園,福島県郡山市安積町日出山3-224,,1,,1,,1,1,1,,37.36752391,140.3763998,
904,E0720300076201,日出山公園,福島県郡山市安積町日出山3-46,,1,,1,,1,1,1,,37.37054663,140.3798126,
905,E0720300077201,築地公園,福島県郡山市安積町日出山4-124,,1,,1,,1,,1,,37.36909504,140.3821235,
906,E0720300079201,永盛小学校,福島県郡山市安積町日出山字新鍬14,,1,,1,,1,,1,1,37.36583,140.380535,
907,E0720300081201,永盛南公園,福島県郡山市安積町日出山字南台71-2,,1,,1,,1,,1,,37.36239007,140.3776322,
908,E0720300082201,荒井中央公園,福島県郡山市安積北井1-49,1,1,,1,,1,1,1,,37.37129804,140.3550454,
909,E0720300083201,大根畑公園,福島県郡山市安積北井2-195,1,1,,1,,1,1,1,,37.37326195,140.3632726,
910,E0720300085201,郡山駅西口駅前広場,福島県郡山市駅前2-408,,1,,1,,1,,1,,37.39827543,140.3879051,
911,E0720300087201,ペップキッズこおりやま,福島県郡山市横塚1-1-3,,1,,1,,1,1,1,,37.39719027,140.3966217,
912,E0720300088201,郡山第四中学校,福島県郡山市横塚6-25-31,,1,,1,,1,1,1,1,37.391384,140.406644,
913,E0720300091201,開成山公園,福島県郡山市開成1-5,1,1,,1,,1,1,1,,37.39810256,140.3582687,
914,E0720300093201,水・緑公園,福島県郡山市開成2-163,1,1,,1,,1,1,1,,37.39591989,140.3567097,
915,E0720300094201,開拓公園,福島県郡山市開成2-18-1,1,1,,1,,1,1,1,,37.39554048,140.3548937,
916,E0720300096201,開成小学校,福島県郡山市開成3-14-7,1,1,,1,,1,1,1,1,37.39416,140.350815,
917,E0720300097201,郡山開成学園,福島県郡山市開成3-25-2,1,1,,1,,1,1,1,1,37.39732518,140.351784,
918,E0720300098201,梅林公園,福島県郡山市開成4-213-3,1,1,,1,,1,1,1,,37.38718012,140.3568107,
919,E0720300099201,安積高校,福島県郡山市開成5-25-63,1,1,,1,,1,1,1,1,37.391104,140.350259,
920,E0720300100201,開成五丁目公園,福島県郡山市開成5-293-2,1,1,,1,,1,1,1,,37.38978096,140.3521536,
921,E0720300101201,天正坦公園,福島県郡山市開成6-336-2,1,1,,1,,1,1,1,,37.38864879,140.3499636,
922,E0720300102201,宇部公園,福島県郡山市喜久田町卸3-42,1,1,,1,,1,1,1,,37.44185454,140.3465882,
923,E0720300103201,菖蒲池公園,福島県郡山市喜久田町字菖蒲池19-4,1,1,,1,,1,1,1,,37.43261774,140.3398766,
924,E0720300105201,百合ケ丘公園,福島県郡山市喜久田町字入之内15-50,1,1,,1,,1,1,1,,37.42722449,140.3510724,
925,E0720300108201,喜久田中学校,福島県郡山市喜久田町堀之内字下上ノ台19,1,1,,1,,1,1,1,1,37.455264,140.342759,
926,E0720300109201,喜久田小学校,福島県郡山市喜久田町堀之内字上馬面3,1,1,,1,,1,1,1,1,37.452209,140.343314,
927,E0720300110201,堀ノ内公園,福島県郡山市喜久田町堀之内字堀内179-1,1,1,,1,,1,1,1,,37.45612202,140.34026,
928,E0720300113201,希望ケ丘公園,福島県郡山市希望ケ丘31-1,1,1,,1,,1,1,1,,37.409521,140.3405972,
929,E0720300116201,桑野小学校,福島県郡山市亀田1-36-17,1,1,,1,,1,1,1,1,37.402769,140.345259,
930,E0720300117201,亀田公園,福島県郡山市亀田1-812,1,1,,1,,1,1,1,,37.40402709,140.3478025,
931,E0720300118201,桑野公園,福島県郡山市亀田1-813,1,1,,1,,1,1,1,,37.40188386,140.3452563,
932,E0720300120201,水天宮広場,福島県郡山市久留米3-52,1,1,,1,,1,1,1,,37.37819579,140.3566315,
933,E0720300121201,さくら公園,福島県郡山市久留米5-60,1,1,,1,,1,1,1,,37.37778762,140.3501352,
934,E0720300124201,大島中央公園,福島県郡山市桑野5-8,1,1,,1,,1,1,1,,37.41008106,140.3534834,
935,E0720300126201,旧月形小学校,福島県郡山市湖南町舘字舘127,1,1,,1,,1,1,1,,37.41578273,140.1367829,
936,E0720300127201,湖南小・中学校,福島県郡山市湖南町三代字京塚581-1,1,1,,1,,1,1,1,1,37.382488,140.112783,
937,E0720300129201,旧中野小学校,福島県郡山市湖南町中野字堰内2485,1,1,,1,,1,1,1,,37.39601919,140.1320605,
938,E0720300130201,旧福良小学校,福島県郡山市湖南町福良字浦町前8387-1,1,1,,1,,1,1,1,1,37.39097349,140.0859069,
939,E0720300134201,芳山公園,福島県郡山市虎丸町230-2,1,1,,1,,1,1,1,,37.39967642,140.3790427,
940,E0720300135201,鐘堂公園,福島県郡山市虎丸町315,1,1,,1,,1,1,1,,37.4000966,140.3799236,
941,E0720300137201,郡山第七中学校,福島県郡山市御前南2-110,1,1,,1,,1,1,1,1,37.380827,140.332762,
942,E0720300139201,朝日が丘小学校,福島県郡山市御前南4-1,1,1,,1,,1,1,1,1,37.382771,140.331095,
943,E0720300140201,御前南公園,福島県郡山市御前南4-117,1,1,,1,,1,1,1,,37.38318992,140.3290744,
944,E0720300142201,香久池公園,福島県郡山市香久池1-304,1,1,,1,,1,1,1,,37.38152235,140.3724969,
945,E0720300143201,山崎集会所,福島県郡山市香久池2-15,1,,,,,,1,,,37.37913169,140.3701398,
946,E0720300144201,山崎公園,福島県郡山市香久池2-283,1,1,,1,,1,1,1,,37.37899146,140.3700234,
947,E0720300145201,法久寺,福島県郡山市香久池2-9-14,1,,,,,,1,,,37.37854614,140.372593,
948,E0720300146201,菜根一丁目公園,福島県郡山市菜根1-171,1,1,,1,,1,1,1,,37.38888509,140.3641318,
949,E0720300147201,郡山第一中学校,福島県郡山市菜根2-1-31,1,1,,1,,1,1,1,1,37.389716,140.360536,
950,E0720300148201,郡山第三中学校,福島県郡山市菜根3-1-13,1,1,,1,,1,1,1,1,37.386383,140.369702,
951,E0720300149201,菜根東公園,福島県郡山市菜根3-492,1,1,,1,,1,1,1,,37.38440503,140.3682475,
952,E0720300151201,郡山商業高校,福島県郡山市菜根5-6-7,1,1,,1,,1,1,1,1,37.384439,140.36248,
953,E0720300153201,咲田公園,福島県郡山市咲田2-160,1,1,,1,,1,1,1,,37.40329018,140.3778524,
954,E0720300154201,郡山第五中学校,福島県郡山市桜木2-20-5,1,1,,1,,1,1,1,1,37.409436,140.368312,
955,E0720300155201,桜木公園,福島県郡山市桜木2-335-1,,1,,1,,1,1,1,,37.41147493,140.3707989,
956,E0720300156201,笹川二丁目公園,福島県郡山市笹川2-110,,1,,1,,1,1,1,,37.35723982,140.3710394,
957,E0720300157201,安積第二小学校,福島県郡山市三穂田町川田字柿ノ木55,1,1,,1,,1,1,1,1,37.362496,140.324153,
958,E0720300160201,穂積小学校,福島県郡山市三穂田町八幡字北山1-1,1,1,,1,,1,1,1,1,37.363605,140.287767,
959,E0720300161201,三和小学校,福島県郡山市三穂田町富岡字柿ノ口14-1,1,1,,1,,1,1,1,1,37.356384,140.288601,
960,E0720300162201,三穂田中学校,福島県郡山市三穂田町富岡字葛幡20,1,1,,1,,1,1,1,1,37.347495,140.272214,
961,E0720300165201,郡山東高校,福島県郡山市山根町13-45,1,1,,1,,1,1,1,1,37.386106,140.374424,
962,E0720300166201,桜小学校,福島県郡山市字山崎5,1,1,,1,,1,1,1,1,37.378329,140.364425,
963,E0720300167201,テクノアカデミー郡山,福島県郡山市字上野山5,,1,,1,,1,1,1,1,37.38812386,140.4074292,
964,E0720300169201,名倉公園,福島県郡山市字名倉250-9,1,1,,1,,1,1,1,,37.37489625,140.3672907,
965,E0720300170201,七ツ池公園,福島県郡山市七ツ池町297,1,1,,1,,1,1,1,,37.38427695,140.3724092,
966,E0720300171201,若葉公園,福島県郡山市若葉町44-2,,1,,1,,1,,1,,37.40643092,140.3798096,
967,E0720300172201,円寿寺,福島県郡山市小原田1-9-14,,,,,,,1,,,37.38308742,140.3807293,
968,E0720300173201,小原田公園,福島県郡山市小原田2-156-3,,1,,1,,1,1,1,,37.38186116,140.3849997,
969,E0720300174201,小原田中学校,福島県郡山市小原田3-20-41,,1,,1,,1,,1,1,37.37998581,140.3884991,
970,E0720300176201,小原田小学校,福島県郡山市小原田4-5-18,1,1,,1,,1,1,1,1,37.379718,140.379701,
971,E0720300177201,昭和一丁目公園,福島県郡山市昭和1-132,,1,,1,,1,1,1,,37.3871027,140.3877786,
972,E0720300178201,イオンタウン郡山,福島県郡山市松木町2-88,,1,,1,,1,1,1,,37.3911063,140.3893601,
973,E0720300180201,酒蓋公園,福島県郡山市深沢2-291,1,1,,1,,1,1,1,,37.39110761,140.368553,
974,E0720300181201,郡山第二中学校,福島県郡山市神明町5-10,1,1,,1,,1,1,1,1,37.401104,140.373034,
975,E0720300182201,小原寺,福島県郡山市図景2-4-6,,,,,,,1,,,37.37836832,140.3806013,
976,E0720300184201,水門町公園,福島県郡山市水門町247-1,,1,,1,,1,1,1,,37.3850139,140.4011536,
977,E0720300185201,安積中学校,福島県郡山市成山町1,,1,,1,,1,1,1,1,37.365274,140.363037,
978,E0720300186201,成山公園,福島県郡山市成山町194,1,1,,1,,1,1,1,,37.36501864,140.3610486,
979,E0720300188201,西ノ内公園,福島県郡山市西ノ内2-265,1,1,,1,,1,1,1,,37.4074682,140.3652519,
980,E0720300189201,西田学園,福島県郡山市西田町鬼生田字杉内734-1,1,1,,1,,1,1,1,1,37.459810426088,140.44416243401,
981,E0720300190201,旧鬼生田小学校,福島県郡山市西田町鬼生田字西原288,1,,,1,,1,1,1,,37.466654,140.429694,
982,E0720300191201,中原広場公園,福島県郡山市西田町鬼生田字中原553,1,1,,1,,1,1,1,,37.46915964,140.4195612,
983,E0720300192201,芹沢集会所,福島県郡山市西田町芹沢字舘83,1,,,,,,1,,,37.44208462,140.4302571,
984,E0720300193201,旧根木屋小学校,福島県郡山市西田町根木屋字明代19-2,1,1,,1,,1,1,1,1,37.43320424,140.434993,
985,E0720300196201,郡山市教育研修センター,福島県郡山市西田町三町目字竹ノ内129-1,1,1,,1,,1,1,1,1,37.454867,140.435457,
986,E0720300197201,三町目平集会所,福島県郡山市西田町三町目字北ノ内67,1,,,,,,1,,,37.453102,140.429254,
987,E0720300198201,ＷＲ　ｓｍａｒｔ　Ｓｃｈｏｏｌ　Ｔｅｓｔ　Ｆｉｅｌｄ（旧大田小学校）,福島県郡山市西田町大田字込内664,1,1,,1,,1,1,1,1,37.444713,140.464692,
988,E0720300199201,旧高野小学校,福島県郡山市西田町丹伊田字万才光内610,1,1,,1,,1,1,1,1,37.47188832,140.465094,
989,E0720300200201,木村公園,福島県郡山市西田町木村字二池105-4,1,1,,1,,1,1,1,,37.4412316,140.44137,
990,E0720300201201,中谷地公園,福島県郡山市静西2-34,1,1,,1,,1,1,1,,37.38896875,140.3277163,
991,E0720300203201,赤木小学校,福島県郡山市赤木町7-41,,,,1,,1,,1,1,37.404992,140.381645,
992,E0720300204201,深谷公園,福島県郡山市待池台1-55-34,1,1,,1,,1,1,1,,37.43759922,140.3077844,
993,E0720300206201,長橋公園,福島県郡山市待池台2-60-10,1,1,,1,,1,1,1,,37.44922569,140.2928191,
994,E0720300207201,台新公園,福島県郡山市台新1-804,1,1,,1,,1,1,1,,37.39357565,140.3409768,
995,E0720300209201,総合地方卸売市場,福島県郡山市大槻町字向原114,1,1,,1,,1,1,1,1,37.36937,140.323847,
996,E0720300213201,郡山高校,福島県郡山市大槻町字上篠林3,1,1,,1,,1,1,1,1,37.402214,140.337205,
997,E0720300214201,大槻小学校,福島県郡山市大槻町字城ノ内120,1,1,,1,,1,1,1,1,37.390825,140.31693,
998,E0720300215201,大槻中学校,福島県郡山市大槻町字西ノ宮西4-1,1,1,,1,,1,1,1,1,37.39632,140.319942,
999,E0720300217201,尚志高校,福島県郡山市大槻町字坦ノ腰2,1,1,,1,,1,1,1,1,37.379742,140.311009,
1000,E0720300219201,小山田小学校,福島県郡山市大槻町字六角26,1,1,,1,,1,1,1,1,37.404158,140.331372,
1001,E0720300221201,荒池西公園,福島県郡山市池ノ台203,1,1,,1,,1,1,1,,37.39109668,140.3729078,
1002,E0720300222201,中ノ目公園,福島県郡山市中ノ目1-24,1,1,,1,,1,1,1,,37.42001394,140.3342726,
1003,E0720300223201,中町緑地,福島県郡山市中町69-2,1,1,,1,,1,,1,,37.39580753,140.3825377,
1004,E0720300224201,御舘小学校下枝分校,福島県郡山市中田町下枝字大平356,1,1,,1,,1,1,1,1,37.35673578,140.4894642,
1005,E0720300226201,海老根小学校,福島県郡山市中田町海老根字椚山150,1,,,1,,1,1,1,1,37.370277,140.471639,
1006,E0720300228201,宮城小学校,福島県郡山市中田町高倉字宮ノ脇218-1,1,1,,1,,1,1,1,1,37.37281138,140.4429858,
1007,E0720300229201,宮城中学校,福島県郡山市中田町高倉字古御舘178-1,1,1,,1,,1,1,1,1,37.372541,140.445323,
1008,E0720300232201,御舘小学校,福島県郡山市中田町中津川字町田前278,1,1,,1,,1,1,1,1,37.36139,140.510525,
1009,E0720300233201,御舘中学校,福島県郡山市中田町中津川字町田前388,1,1,,1,,1,1,1,1,37.363057,140.512747,
1010,E0720300234201,静公園,福島県郡山市中野2-103,1,1,,1,,1,1,1,,37.38919527,140.3314444,
1011,E0720300236201,ＪＡ全農福島農産物直売所愛情館,福島県郡山市朝日2-3-25,1,1,,1,,1,,1,,37.40460804,140.3606018,
1012,E0720300237201,郡山庭球場,福島県郡山市町東1-245,1,1,,1,,1,1,1,,37.42066971,140.3524108,
1013,E0720300238201,富田小学校,福島県郡山市町東3-147,1,1,,1,,1,1,1,1,37.422229,140.347038,
1014,E0720300239201,砂子田公園,福島県郡山市町東3-165,1,1,,1,,1,1,1,,37.4195847,140.3479523,
1015,E0720300241201,安積黎明高校,福島県郡山市長者2-3-3,1,1,,1,,1,1,1,1,37.399993,140.369979,
1016,E0720300242201,芳山小学校,福島県郡山市長者2-8-24,1,1,,1,,1,1,1,1,37.401381,140.371368,
1017,E0720300243201,かおる公園,福島県郡山市鶴見坦2-176-3,1,1,,1,,1,1,1,,37.39072371,140.3625772,
1018,E0720300245201,薫小学校,福島県郡山市鶴見坦2-19-7,1,1,,1,,1,1,1,1,37.391382,140.363591,
1019,E0720300246201,鶴見坦公園,福島県郡山市鶴見坦3-32-1,1,1,,1,,1,,1,,37.39192222,140.3580584,
1020,E0720300247201,堤公園,福島県郡山市堤3-244,1,1,,1,,1,,1,,37.39632513,140.3328031,
1021,E0720300249201,橘小学校,福島県郡山市堤下町4-4,1,1,,1,,1,1,1,1,37.391938,140.379423,
1022,E0720300250201,宮田公園,福島県郡山市田村町下行合字宮田130-91,1,1,,1,,1,1,1,,37.37075114,140.4121913,
1023,E0720300251201,下行合集会所,福島県郡山市田村町下行合字朝日舞55,1,,,,,,1,,,37.37635387,140.4132372,
1024,E0720300256201,金屋第一集会所,福島県郡山市田村町金屋字二本木27,,,,,,,1,,,37.36204354,140.3953604,
1025,E0720300257201,御代田小学校,福島県郡山市田村町御代田字中林8,1,1,,1,,1,1,1,1,37.340833,140.380259,
1026,E0720300259201,大安場公園,福島県郡山市田村町桜ケ丘2-227,1,1,,1,,1,1,1,,37.35638207,140.4056264,
1027,E0720300260201,桜ケ丘二丁目公園,福島県郡山市田村町桜ケ丘2-295-5,1,1,,1,,1,1,1,,37.3563164,140.4072465,
1028,E0720300261201,守山中学校,福島県郡山市田村町山中字団子田177-2,1,1,,1,,1,1,1,1,37.338646,140.397476,
1029,E0720300263201,守山小学校,福島県郡山市田村町守山字三ノ丸1,1,1,,1,,1,1,1,1,37.33121095,140.4124722,
1030,E0720300264201,上河原公園,福島県郡山市田村町守山字上河原4-4,1,1,,1,,1,1,1,,37.32681442,140.4113056,
1031,E0720300266201,上合寺,福島県郡山市田村町上行合字亀河内272,1,,,,,,1,,,37.36408999,140.4080499,
1032,E0720300268201,高瀬小学校,福島県郡山市田村町上行合字艮耕地22-3,1,1,,1,,1,1,1,1,37.366108,140.408311,
1033,E0720300269201,高瀬中学校,福島県郡山市田村町上行合字北山田1,1,1,,1,,1,1,1,1,37.365553,140.411089,
1034,E0720300270201,大安場史跡公園,福島県郡山市田村町大善寺字大安場160,1,1,,1,,1,1,1,,37.35663017,140.403925,
1035,E0720300272201,谷田川小学校,福島県郡山市田村町谷田川字北表21,1,,,1,,1,1,1,1,37.311671,140.449977,
1036,E0720300273201,旧田母神小学校,福島県郡山市田村町田母神字作ノ入125,1,1,,1,,1,1,1,1,37.296675,140.537748,
1037,E0720300275201,木と遊ぶ公園,福島県郡山市田村町東山1-1-107,1,1,,1,,1,1,1,,37.33725744,140.4181396,
1038,E0720300276201,花と緑の公園,福島県郡山市田村町東山1-2-146,1,1,,1,,1,1,1,,37.33849249,140.4168797,
1039,E0720300277201,ふれあい公園,福島県郡山市田村町東山1-3-89,1,1,,1,,1,1,1,,37.34000077,140.4196322,
1040,E0720300278201,日本大学工学部・東北高校,福島県郡山市田村町徳定字中河原1,,1,,1,,1,1,1,1,37.359164,140.384702,
1041,E0720300279201,旧栃山神小学校,福島県郡山市田村町栃山神字千穂8,1,,,1,,1,1,1,1,37.322782,140.488862,
1042,E0720300282201,旧二瀬中学校,福島県郡山市田村町栃本字大花10,1,1,,1,,1,1,1,1,37.302507,140.495807,
1043,E0720300283201,木葉山公園,福島県郡山市土瓜1-271,1,1,,1,,1,1,1,,37.40091044,140.333445,
1044,E0720300285201,島中央公園,福島県郡山市島1-425,1,1,,1,,1,1,1,,37.40050707,140.3489156,
1045,E0720300286201,島公園,福島県郡山市島2-779,1,1,,1,,1,1,1,,37.39726439,140.3457377,
1046,E0720300288201,桃見台小学校,福島県郡山市桃見台12-3,1,,,1,,1,1,1,1,37.40527,140.369423,
1047,E0720300289201,あさか開成高校,福島県郡山市桃見台15-1,1,1,,1,,1,1,1,1,37.404437,140.372182,
1048,E0720300290201,桃見台公園,福島県郡山市桃見台36-3,1,1,,1,,1,1,1,,37.40412101,140.370537,
1049,E0720300292201,金透小学校,福島県郡山市堂前町5-21,1,1,,1,,1,1,1,1,37.396382,140.381089,
1050,E0720300294201,蛇骨地蔵堂南公園,福島県郡山市日和田字町背戸51,1,1,,1,,1,1,1,,37.44789299,140.3894589,
1051,E0720300297201,高倉小学校,福島県郡山市日和田町高倉字舘腰25-3,1,,,1,,1,1,1,1,37.478257,140.399815,
1052,E0720300299201,高倉公園,福島県郡山市日和田町高倉字町裏79,,1,,1,,1,1,1,,37.47981615,140.395332,
1053,E0720300300201,安積山公園,福島県郡山市日和田町字安積山44,1,1,,1,,1,1,1,,37.45490371,140.3905732,
1054,E0720300301201,日向公園,福島県郡山市日和田町字原町37,1,1,,1,,1,1,1,,37.44675501,140.3950046,
1055,E0720300303201,イオン郡山フェスタ店,福島県郡山市日和田町字小原1,1,1,,1,,1,1,1,,37.444536,140.376256,
1056,E0720300304201,日和田中学校,福島県郡山市日和田町字中林27,1,1,,1,,1,1,1,1,37.454432,140.383033,
1057,E0720300305201,日和田小学校,福島県郡山市日和田町字日向19,1,1,,1,,1,1,1,1,37.447211,140.393865,
1058,E0720300311201,安子島小学校,福島県郡山市熱海町安子島字桜畑78-1,1,1,,1,,1,1,1,1,37.47397925,140.3098252,
1059,E0720300312201,熱海中学校,福島県郡山市熱海町玉川字阿曾沢山19-2,1,1,,1,,1,1,1,1,37.484148,140.289429,
1060,E0720300316201,磐梯熱海スポーツパーク,福島県郡山市熱海町高玉字南泥布沢2-7,1,1,,1,,1,1,1,1,37.4850463,140.2786569,
1061,E0720300317201,熱海小学校,福島県郡山市熱海町高玉字樋口170,1,1,,1,,1,1,1,1,37.490813,140.276929,
1062,E0720300318201,旧上伊豆島小学校,福島県郡山市熱海町上伊豆島字西畑32,1,1,,1,,1,1,1,1,37.454707,140.295263,
1063,E0720300319201,熱海小学校石筵分校,福島県郡山市熱海町石筵字原田311-1,1,1,,1,,1,1,,1,37.530253,140.264151,
1064,E0720300320201,切払公園,福島県郡山市熱海町熱海2-119,1,1,,1,,1,1,1,,37.48126866,140.2739717,
1065,E0720300323201,熱海フットボールセンター,福島県郡山市熱海町熱海2-15-3,1,1,,1,,1,1,1,,37.480570373364,140.27317697375,
1066,E0720300326201,熱海温泉事業所,福島県郡山市熱海町熱海5-26,1,1,,1,,1,1,1,,37.489941,140.259487,
1067,E0720300327201,西部公園,福島県郡山市柏山町108,1,1,,1,,1,1,1,,37.40075845,140.3385491,
1068,E0720300328201,白岩小学校,福島県郡山市白岩町字柿ノ口1-1,1,1,,1,,1,1,1,1,37.410827,140.431086,
1069,E0720300330201,阿良池公園,福島県郡山市八山田1-106,1,1,,1,,1,1,1,,37.4241942,140.3755884,
1070,E0720300331201,南広谷公園,福島県郡山市八山田2-223,1,1,,1,,1,1,1,,37.42801033,140.3722433,
1071,E0720300332201,郡山北工業高校,福島県郡山市八山田2-224,1,1,,1,,1,1,1,1,37.42742958,140.3742718,
1072,E0720300334201,舘前公園,福島県郡山市八山田3-245,1,1,,1,,1,1,1,,37.43067478,140.3729655,
1073,E0720300335201,宮脇公園,福島県郡山市八山田4-181,1,1,,1,,1,1,1,,37.43152879,140.3774756,
1074,E0720300337201,八山田公園,福島県郡山市八山田5-468,1,1,,1,,1,1,1,,37.42855244,140.3782759,
1075,E0720300338201,三ツ坦公園,福島県郡山市八山田6-261,1,1,,1,,1,1,1,,37.42477866,140.3798945,
1076,E0720300339201,前林公園,福島県郡山市八山田7-197,1,1,,1,,1,1,1,,37.42258225,140.3819892,
1077,E0720300340201,廻渕公園,福島県郡山市備前舘1-190,1,1,,1,,1,1,1,,37.41511893,140.3651556,
1078,E0720300341201,備前舘公園,福島県郡山市備前舘2-134,1,1,,1,,1,1,1,,37.41641682,140.3611329,
1079,E0720300342201,菱田公園,福島県郡山市菱田町12-2,,1,,1,,1,1,1,,37.38432688,140.3856351,
1080,E0720300343201,不動前公園,福島県郡山市不動前1-136,1,1,,1,,1,1,1,,37.41990917,140.3586188,
1081,E0720300345201,久保田公園,福島県郡山市富久山町久保田字久保田53-2,1,1,,1,,1,1,1,,37.41170366,140.3902142,
1082,E0720300346201,行健小学校,福島県郡山市富久山町久保田字空谷地23-1,1,1,,1,,1,1,1,1,37.417769,140.390533,
1083,E0720300347201,行徳小学校,福島県郡山市富久山町久保田字三御堂143-1,1,1,,1,,1,1,1,1,37.416657,140.375534,
1084,E0720300348201,行健中学校,福島県郡山市富久山町久保田字大原16,1,1,,1,,1,1,1,1,37.421657,140.380255,
1085,E0720300349201,善宝池公園,福島県郡山市富久山町久保田字大原163,1,1,,1,,1,1,1,,37.41725122,140.3819459,
1086,E0720300352201,南小泉ニュータウン集会所,福島県郡山市富久山町南小泉字三道口40-6,1,,,,,,1,,,37.41853712,140.4235901,
1087,E0720300353201,南小泉公園,福島県郡山市富久山町南小泉字三道口40-64,1,1,,1,,1,1,1,,37.41849939,140.4229389,
1088,E0720300354201,福原公園,福島県郡山市富久山町八山田字山神久保6-3,1,1,,1,,1,1,1,,37.42423808,140.3895166,
1089,E0720300355201,山道公園,福島県郡山市富久山町八山田字山道19-1,1,1,,1,,1,1,1,,37.43395603,140.388317,
1090,E0720300356201,室ノ前公園,福島県郡山市富久山町八山田字室ノ前1-5,1,1,,1,,1,1,1,,37.43138889,140.3875107,
1091,E0720300357201,勝木沢公園,福島県郡山市富久山町八山田字勝木沢102,1,1,,1,,1,1,1,,37.42162546,140.38789,
1092,E0720300358201,明健中学校,福島県郡山市富久山町八山田字大森新田70,1,1,,1,,1,1,1,1,37.43060123,140.3858148,
1093,E0720300358202,明健小学校,福島県郡山市富久山町八山田字大森新田70,1,1,,1,,1,1,1,1,37.430823,140.384977,
1094,E0720300360201,行健第二小学校,福島県郡山市富久山町八山田字八津11-2,1,1,,1,,1,1,1,1,37.433731,140.373305,
1095,E0720300361201,八山田西公園,福島県郡山市富久山町八山田字尾池南１－１外,1,1,,1,,1,1,1,,37.429560933483,140.35977369786,
1096,E0720300362201,菱池公園,福島県郡山市富久山町八山田字菱池1-71,1,1,,1,,1,1,1,,37.43297674,140.3858279,
1097,E0720300363201,富久山スポーツ広場,福島県郡山市富久山町福原字古舘6-1,,1,,1,,1,1,1,,37.42764476,140.4107267,
1098,E0720300364201,平成記念郡山こどものもり公園,福島県郡山市富久山町福原字左内5-2,1,1,,1,,1,1,1,1,37.43241332,140.3971122,
1099,E0720300365201,陣場公園,福島県郡山市富久山町福原字陣場108-1,1,1,,1,,1,1,1,,37.41693733,140.4080103,
1100,E0720300366201,陣場集会所,福島県郡山市富久山町福原字陣場81,1,,,,,,1,,,37.41853069,140.4059314,
1101,E0720300368201,小泉小学校,福島県郡山市富久山町北小泉字清水50,,1,,1,,1,1,1,1,37.424436,140.415531,
1102,E0720300369201,富久山公民館小泉分館,福島県郡山市富久山町北小泉字前田1-1,,,,,,,1,,,37.42331207,140.4175863,
1103,E0720300370201,下亀田公園,福島県郡山市富田町字下亀田1-4,1,1,,1,,1,1,1,,37.41303273,140.3496957,
1104,E0720300371201,丸山公園,福島県郡山市富田町字丸山2-126,1,1,,1,,1,1,1,,37.42913651,140.3343554,
1105,E0720300373201,富田中学校,福島県郡山市富田町字細田83-1,1,1,,1,,1,1,1,1,37.4216343,140.3612022,
1106,E0720300374201,奥羽大学,福島県郡山市富田町字三角堂31-1,1,1,,1,,1,1,1,1,37.418324,140.374422,
1107,E0720300375201,郡山第六中学校,福島県郡山市富田町字十文字2,1,1,,1,,1,1,1,1,37.413046,140.343593,
1108,E0720300376201,水神舘公園,福島県郡山市富田町字上ノ台52-3,1,1,,1,,1,1,1,,37.42851623,140.3474602,
1109,E0720300377201,上鶴蒔田公園,福島県郡山市富田町字上鶴蒔田6-32,1,1,,1,,1,1,1,,37.41767307,140.3351813,
1110,E0720300378201,うねめ４号公園,福島県郡山市富田町字大十内85-138,1,1,,1,,1,1,1,,37.41461514,140.3370932,
1111,E0720300380201,富田西小学校,福島県郡山市富田町字大十内85-5,1,1,,1,,1,1,1,1,37.416934,140.336093,
1112,E0720300381201,百合ケ丘２号公園,福島県郡山市富田町字坦ノ腰2-103,1,1,,1,,1,1,1,,37.42563205,140.3492021,
1113,E0720300382201,富田東小学校,福島県郡山市富田町字天神林36,1,1,,1,,1,1,1,1,37.423601,140.358591,
1114,E0720300384201,豊年田公園,福島県郡山市富田町字豊年田19-4,1,1,,1,,1,1,1,,37.41909877,140.3373002,
1115,E0720300386201,大島東公園,福島県郡山市並木1-11,1,1,,1,,1,1,1,,37.40932965,140.3625986,
1116,E0720300387201,屋敷前公園,福島県郡山市並木2-7,1,1,,1,,1,1,1,,37.41188,140.36446,
1117,E0720300388201,大島小学校,福島県郡山市並木4-10,1,1,,1,,1,1,1,1,37.410824,140.357202,
1118,E0720300389201,大島西公園,福島県郡山市並木4-2,1,1,,1,,1,,1,,37.40998714,140.3583192,
1119,E0720300390201,伊勢下公園,福島県郡山市並木5-11,1,1,,1,,1,1,1,,37.41361,140.35719,
1120,E0720300391201,片平小学校,福島県郡山市片平町字小林3-1,1,1,,1,,1,1,1,1,37.426932,140.304985,
1121,E0720300392201,蟻塚公園,福島県郡山市片平町字新蟻塚94-2,1,1,,1,,1,1,1,,37.41067707,140.3289084,
1122,E0720300393201,片平中学校,福島県郡山市片平町字大笠松4,1,1,,1,,1,1,1,1,37.4212158,140.3117685,
1123,E0720300399201,鴻ノ巣公園,福島県郡山市方八町2-237,,1,,1,,1,1,1,,37.39413067,140.3929611,
1124,E0720300400201,芳賀小学校,福島県郡山市芳賀2-20-17,,1,,1,,1,1,1,1,37.389995,140.3997,
1125,E0720300404201,橘地域公民館,福島県郡山市本町1-20-18,,1,,1,,1,1,1,1,37.392047,140.385954,
1126,E0720300405201,本町緑地,福島県郡山市本町1-299-2,,1,,1,,1,1,1,,37.39345529,140.3870023,
1127,E0720300406201,巳六段公園,福島県郡山市巳六段237,1,1,,1,,1,1,1,,37.37210922,140.3514293,
1128,E0720300407201,大成公園,福島県郡山市鳴神2-138,1,1,,1,,1,1,1,,37.39262785,140.3378208,
1129,E0720300408201,大成小学校,福島県郡山市鳴神2-55,1,1,,1,,1,1,1,1,37.393604,140.338038,
1130,E0720300409201,東部中央公園,福島県郡山市緑ケ丘西1-17-1,1,1,,1,,1,1,1,,37.3786403,140.432826,
1131,E0720300410201,石作公園,福島県郡山市緑ケ丘西3-20-1,1,1,,1,,1,1,1,,37.381936,140.433555,
1132,E0720300411201,緑ケ丘中学校,福島県郡山市緑ケ丘西4-1-1,1,1,,1,,1,1,1,1,37.3899,140.429943,
1133,E0720300412201,蒲倉南公園,福島県郡山市緑ケ丘西4-21-1,1,1,,1,,1,1,1,,37.38875913,140.4320884,
1134,E0720300413201,緑ケ丘第一小学校,福島県郡山市緑ケ丘東1-20-1,1,1,,1,,1,1,1,1,37.376941,140.435531,
1135,E0720300414201,温石平公園,福島県郡山市緑ケ丘東1-23-1,1,1,,1,,1,1,1,,37.37496014,140.4329115,
1136,E0720300415201,猫田公園,福島県郡山市緑ケ丘東2-23-1,1,1,,1,,1,1,1,,37.37902836,140.4364823,
1137,E0720300418201,赤沼公園,福島県郡山市緑ケ丘東4-34-1,1,1,,1,,1,1,1,,37.38164489,140.4369975,
1138,E0720300419201,赤沼北公園,福島県郡山市緑ケ丘東6-25-1,1,1,,1,,1,1,1,,37.38463989,140.43694,
1139,E0720300421201,緑ケ丘公園,福島県郡山市緑ケ丘東7-36-1,1,1,,1,,1,1,1,,37.3872348,140.437147,
1140,E0720300422201,前田公園,福島県郡山市緑ケ丘東7-36-3,1,1,,1,,1,1,1,,37.39057813,140.4346987,
1141,E0720300423201,麓山地区公共施設駐車場,福島県郡山市麓山1-167,1,1,,1,,1,1,1,,37.39465279,140.3738623,
1142,E0720300424201,麓山公園,福島県郡山市麓山1-347,1,1,,1,,1,1,1,,37.39421162,140.3754275,
1143,E0720300427201,２１世紀記念公園,福島県郡山市麓山1-89-2,1,1,,1,,1,1,1,1,37.3963101,140.3746469,
1144,E0750500004201,町民運動場,福島県古殿町大字松川字横川476,1,1,,1,,1,1,,,37.090776383618,140.5602982694,
1145,E0750500007201,古殿小学校校庭,福島県古殿町大字田口字寺前208-1,1,1,,1,,1,1,,1,37.095271312961,140.53641431281,
1146,E0754100004201,広野中学校,福島県広野町大字下浅見川字築地12,1,1,1,1,1,1,1,1,1,37.213089451995,140.99613643291,
1147,E0754100005201,築地ヶ丘公園,福島県広野町大字下浅見川字築地13-2,1,1,1,1,1,1,1,1,1,37.2121608,140.997153,
1148,E0754100009201,二ツ沼体育館,福島県広野町大字下北迫字大谷地原65-15,1,1,1,1,1,1,1,1,1,37.234454269992,140.9992434308,
1149,E0754100010201,広野町役場,福島県広野町大字下北迫字苗代替35,1,1,1,1,1,1,1,1,1,37.214403850153,140.99453007337,
1150,E0754100026202,中央体育館,福島県広野町中央台1-1,1,1,1,1,1,1,1,1,1,37.212644254257,140.99343146172,
1151,E0754100026201,広野町公民館,福島県広野町中央台1-1,1,1,1,1,1,1,1,1,1,37.212883,140.994073,
1152,E0754100028201,広野町児童館,福島県広野町中央台1-6,1,1,1,1,1,1,1,1,1,37.212181524964,140.99005371057,
1153,E0754100029201,広野町保健センター,福島県広野町中央台1-7,1,1,1,1,1,1,1,1,1,37.2119550544,140.990633406,
1154,E0754100030201,広野こども園,福島県広野町中央台1-8,1,1,1,1,1,1,1,1,1,37.212002877344,140.9913426299,
1155,E0754100031201,広野小学校,福島県広野町中央台3-1,1,1,1,1,1,1,1,1,1,37.214744460114,140.9922726759,
1156,E0730300001201,小坂農村総合管理センター,福島県国見町小坂南1-1,,1,,1,,,,,1,37.885973351105,140.52926178344,
1157,E0730300003201,藤田保育所,福島県国見町大字山崎字舘東12-1,,,,1,,,,,1,37.879903023638,140.54146500186,
1158,E0730300005201,旧小坂小学校（校庭）,福島県国見町大字小坂字台14,,1,,1,,,,,,37.888642009468,140.52332170859,
1159,E0730300007203,上野台運動公園（体育館）,福島県国見町大字森山字上野台7,,,,1,,,,,1,37.881701416257,140.55632518229,
1160,E0730300007201,上野台運動公園（総合運動場）,福島県国見町大字森山字上野台7,,,,1,,,,,1,37.881385980414,140.55851922926,
1161,E0730300007202,上野台運動公園（グリーンアリーナ９２３）,福島県国見町大字森山字上野台7,,,,1,,,,,1,37.882069775867,140.55576728281,
1162,E0730300008204,県北中学校（校舎）,福島県国見町大字森山字西上野20,,,,1,,,,,1,37.884192622729,140.56096224032,
1163,E0730300008201,県北中学校（校庭）,福島県国見町大字森山字西上野20,,,,1,,,,,1,37.883642215509,140.56131092749,
1164,E0730300008203,県北中学校（体育館）,福島県国見町大字森山字西上野20,,,,1,,,,,1,37.8842010905,140.56195465765,
1165,E0730300008202,県北中学校（柏葉体育館）,福島県国見町大字森山字西上野20,,,,1,,,,,1,37.884184154957,140.56018976412,
1166,E0730300009203,くにみ幼稚園（旧森江野小学校含む）（園庭）,福島県国見町大字森山字太田川36,1,,,1,,,,,1,37.868712926186,140.56605693934,
1167,E0730300009202,くにみ幼稚園（旧森江野小学校含む）（校舎）,福島県国見町大字森山字太田川36,1,,,1,,,,,1,37.868776447793,140.56547221778,
1168,E0730300009201,くにみ幼稚園（旧森江野小学校含む）（体育館）,福島県国見町大字森山字太田川36,1,,,1,,,,,1,37.869284618685,140.5658369982,
1169,E0730300010201,国見東部高齢者等活性化センター前広場,福島県国見町大字西大枝字王壇前16-1,1,,,1,,,,,1,37.877135250196,140.5829882084,
1170,E0730300010203,国見東部高齢者等活性化センター,福島県国見町大字西大枝字王壇前16-1,1,,,1,,,,,1,37.877416830047,140.58285946236,
1171,E0730300010202,国見東部高齢者等活性化センター（体育館）,福島県国見町大字西大枝字王壇前16-1,1,,,1,,,,,1,37.877552326735,140.58314914094,
1172,E0730300011201,石母田集会所,福島県国見町大字石母田字樋口9,1,,,1,,,,,1,37.891560174183,140.55445065146,
1173,E0730300012201,旧大木戸小学校（校庭）,福島県国見町大字大木戸字霞原3,,1,,1,,,,,,37.890042260666,140.5708374925,
1174,E0730300013201,大木戸ふれあいセンター,福島県国見町大字大木戸字新田原3,,1,,1,,,,,1,37.890292,140.57199,
1175,E0730300014202,観月台文化センター,福島県国見町大字藤田字観月台15,,1,,1,,,,,1,37.8770057883,140.542435406,
1176,E0730300015202,国見小学校（校舎）,福島県国見町大字藤田字町尻一2,,,,1,,,,,1,37.879221515104,140.54849126239,
1177,E0730300015201,国見小学校（体育館）,福島県国見町大字藤田字町尻一2,,,,1,,,,,1,37.879551779753,140.5487326612,
1178,E0730300016201,国見子どもクラブ（旧藤田幼稚園）,福島県国見町大字藤田字町尻一20,,,,1,,,,,1,37.879652545818,140.54807069132,
1179,E0730300017201,国見小学校（校庭）,福島県国見町大字藤田字町尻一3,,,,1,,,,,,37.878865843826,140.54863073726,
1180,E0730300018201,道の駅国見あつかしの郷,福島県国見町大字藤田字日渡二18-1,1,1,,1,,,,,1,37.8728436,140.54690526,
1181,E0730300019201,森江野町民センター,福島県国見町大字徳江字下谷地田15,1,,,1,,,,,1,37.868119,140.565248,
1182,E0748400002201,西山林研広場,福島県鮫川村大字西山字水口向29,,1,,1,,1,,,,37.064315558944,140.48341855365,
1183,E0748400003201,青生野グラウンド,福島県鮫川村大字青生野字大犬平225,,1,,1,,1,,,,36.958071871985,140.55004919509,
1184,E0748400004201,旧鮫川村立青生野小学校校庭,福島県鮫川村大字青生野字大犬平56,,,,,,1,,,1,36.9581661766,140.54819847087,
1185,E0748400005201,さめがわこどもセンター園庭,福島県鮫川村大字赤坂西野字酒垂3-3,,1,,1,,1,,,1,37.051062661281,140.46634758809,
1186,E0748400007201,青少年広場,福島県鮫川村大字赤坂中野字宿ノ入108,,1,,1,,1,,,,37.0421097583,140.498876801,
1187,E0748400010201,村民グラウンド,福島県鮫川村大字赤坂中野字宿ノ入83,,1,,1,,1,,,,37.040047659326,140.50407907375,
1188,E0748400012201,鮫川村立鮫川中学校校庭,福島県鮫川村大字赤坂中野字巡ケ作130-4,,,,,,1,,,,37.037653358017,140.50712513809,
1189,E0748400015201,鮫川村立鮫川小学校校庭,福島県鮫川村大字赤坂中野字道少田86,,,,,,1,,,,37.04622222197,140.50657195802,
1190,E0748400018201,渡瀬区運動広場,福島県鮫川村大字渡瀬字中山227-1,,1,,1,,1,,,,36.996336589402,140.49037286876,
1191,E0748400022201,旧鮫川村立富田小学校校庭,福島県鮫川村大字富田字彦次郎213,,1,,1,,1,,,1,37.023985270414,140.49462033812,
1192,E0752100001201,三春小学校,福島県三春町字大町157,1,1,,1,,1,1,,1,37.442465641766,140.49347526663,
1193,E0752100002201,三春交流館まほら,福島県三春町字大町191,,1,,1,,1,1,,1,37.442234062734,140.49137451462,
1194,E0752100003201,三春町福祉会館,福島県三春町字南町1,,1,,1,,1,1,,1,37.44080339434,140.49366757291,
1195,E0752100004201,三春町民第２体育館,福島県三春町字日向町58,,1,,1,,1,1,,1,37.445525,140.489909,
1196,E0752100005201,御木沢小学校,福島県三春町字樋ノ口111,1,1,,1,,1,1,,1,37.456672922694,140.48750262506,
1197,E0752100007201,三春町民体育館,福島県三春町大字貝山字泉沢100,1,1,,1,,1,1,,1,37.431604781279,140.49095479436,
1198,E0752100008201,三春中学校,福島県三春町大字貝山字泉沢100-4,,1,,1,,1,1,,1,37.429779989206,140.49299671188,
1199,E0752100009201,要田交流館大平荘,福島県三春町大字熊耳字大平1,,1,,1,,1,1,,1,37.444793090444,140.51012467142,
1200,E0752100010201,旧要田中学校交流施設,福島県三春町大字熊耳字八ツ田213,,1,,1,,1,1,,1,37.462388024113,140.51970728233,
1201,E0752100011201,沢石会館,福島県三春町大字実沢字楢梨215-5,,1,,1,,1,1,,1,37.487389200549,140.53746063729,
1202,E0752100012201,中郷幼稚園,福島県三春町大字柴原字神久保235,,1,,1,,1,1,,1,37.411369845352,140.48653066911,
1203,E0752100012202,中郷地区交流館,福島県三春町大字柴原字神久保235,,1,,1,,1,1,,1,37.411467846573,140.48636973657,
1204,E0752100013201,中妻小学校,福島県三春町大字沼沢字神ノ上139,,1,,1,,1,1,,1,37.410930013592,140.46151881119,
1205,E0752100014201,岩江中学校,福島県三春町大字上舞木字向田53,1,1,,1,,1,1,,1,37.424665211788,140.44629828118,
1206,E0752100015201,岩江小学校,福島県三春町大字上舞木字大谷ツ24,,1,,1,,1,1,,1,37.42304582432,140.43963426788,
1207,E0752100015202,岩江センター,福島県三春町大字上舞木字大谷ツ24,,1,,1,,1,1,,1,37.423429246849,140.43911928375,
1208,E0752100016201,岩江幼稚園,福島県三春町大字上舞木字大谷ツ3-2,1,1,,1,,1,1,,1,37.42243366547,140.44009619922,
1209,E0752100017201,中郷小学校,福島県三春町大字神久保235,,1,,1,,1,1,,1,37.411384,140.487192,
1210,E0752100018201,旧桜中学校交流施設,福島県三春町大字鷹巣字瀬山213,,1,,1,,1,1,,1,37.41509081005,140.47207427556,
1211,E0752100019201,中妻地区交流館,福島県三春町大字鷹巣字大日向13,,1,,1,,1,1,,1,37.411043515161,140.46029618645,
1212,E0752100020201,沢石小学校,福島県三春町大字富沢字石田68,,1,,1,,1,1,,1,37.489127782929,140.53799946305,
1213,E0752100021201,御木沢地区公民館,福島県三春町大字平沢字東333-2,,1,,1,,1,1,,1,37.466568534222,140.48376364987,
1214,E0752100022201,第１保育所,福島県三春町担橋1-4-1,,1,,1,,1,1,,1,37.448074,140.484135,
1215,E0744400001201,間方集会所,福島県三島町大字間方字上居平753,1,,,1,,1,1,,1,37.399306,139.614714,
1216,E0744400002202,高齢者福祉センター福寿草,福島県三島町大字宮下字下乙田889,1,1,,1,,1,1,,1,37.474277,139.647523,
1217,E0744400002201,多目的集会施設ひだまり,福島県三島町大字宮下字下乙田889,1,1,,1,,1,1,,1,37.474513,139.648654,
1218,E0744400003201,三島保育所,福島県三島町大字宮下字舘479,1,1,,1,,1,1,,1,37.471752,139.642904,
1219,E0744400004201,三島町町民センター,福島県三島町大字宮下字宮下350,1,1,,1,,1,1,,1,37.470296,139.644411,
1220,E0744400005201,三島小学校,福島県三島町大字宮下字建堀1846,1,1,,1,,1,1,,1,37.469636,139.643252,
1221,E0744400006201,特別養護老人ホーム桐寿苑,福島県三島町大字宮下字坂ノ下659,1,1,,1,,1,1,,1,37.473713,139.646434,
1222,E0744400007201,三島中学校,福島県三島町大字宮下字上ノ原2099,1,1,,1,,1,1,,1,37.46824,139.638902,
1223,E0744400008201,桑原集会所,福島県三島町大字桑原字居平150,1,1,,1,,1,1,,1,37.465098,139.639986,
1224,E0744400009201,三島町ふるさとセンター,福島県三島町大字西方字居平302,1,1,,1,,1,1,,1,37.492909,139.663042,
1225,E0744400010201,三島町生涯学習センター,福島県三島町大字西方字上原字3580,1,1,,1,,1,1,,1,37.488516,139.660622,
1226,E0744400011201,川井集会所,福島県三島町大字川井字下居平244,1,1,,1,,1,1,,1,37.475954,139.663889,
1227,E0744400012201,浅岐集会所,福島県三島町大字浅岐字西居平477,1,,,1,,1,1,,1,37.421957,139.64167,
1228,E0744400013201,早戸生活改善センター,福島県三島町大字早戸字居平584,1,,,1,,1,1,,1,37.464404,139.59802,
1229,E0744400014201,滝原林業集会センター,福島県三島町大字早戸字滝原居平1589-1,1,,,1,,1,1,,1,37.459686,139.608539,
1230,E0744400015201,大石田集会所,福島県三島町大字大石田字下居平11,1,,,1,,1,1,,1,37.486775,139.638457,
1231,E0744400016201,大谷活性化センター,福島県三島町大字大谷字堂免1634,1,1,,1,,1,1,,1,37.448473,139.650156,
1232,E0744400017201,大登生活改善センター,福島県三島町大字大登字宮沢201,1,1,,1,,1,1,,1,37.469828,139.652914,
1233,E0744400018201,三島町町営グラウンド,福島県三島町大字大登字寺沢976,1,1,,1,,1,1,,1,37.474752,139.656014,
1234,E0744400019201,大谷川河川敷公園,福島県三島町大字大登字上中川井地内,,1,,1,,1,1,,1,37.47539,139.65036,
1235,E0744400020201,滝谷集会所,福島県三島町大字滝谷字居平526,1,,,1,,1,1,,1,37.483677,139.693689,
1236,E0744400021201,桧原多目的集会所,福島県三島町大字桧原字居平1994-5,1,1,,1,,1,1,,1,37.490491,139.677703,
1237,E0744400022201,高清水集会所,福島県三島町大字名入字高清水上居平4517,1,,,1,,1,1,,1,37.468044,139.633296,
1238,E0744400023201,名入集会所,福島県三島町大字名入字根岸居平1576,1,1,,1,,1,1,,1,37.480544,139.66117,
1239,E0744400024201,三島町工人の館,福島県三島町大字名入字諏訪ノ上394,1,1,,1,,1,1,,1,37.483826,139.664233,
1240,E0744400025201,三島町生活工芸館,福島県三島町大字名入字諏訪ノ上395,1,1,,1,,1,1,,1,37.482795,139.664581,
1241,E0744400026201,三島町交流センター,福島県三島町大字名入字諏訪ノ上418,1,1,,1,,1,1,,1,37.48377,139.665338,
1242,E0752200001201,塩庭二区多目的研修集会施設,福島県小野町大字塩庭字日天前70-1,1,1,,1,,,1,,1,37.24018,140.626141,
1243,E0752200002201,塩庭多目的集会施設,福島県小野町大字塩庭字夫内194,1,1,,1,,,1,,1,37.261708,140.616658,
1244,E0752200003201,夏井多目的集会施設,福島県小野町大字夏井字町屋43,1,1,,1,,,1,,1,37.253687,140.662018,
1245,E0752200005201,吉野辺集落センター,福島県小野町大字吉野辺仲神142,1,1,,1,,,1,,,37.330032,140.609285,
1246,E0752200006201,小野山神ふれあい館,福島県小野町大字小野山神字畑田210-1,1,1,,1,,,1,,1,37.301467,140.576335,
1247,E0752200008201,多目的研修集会施設,福島県小野町大字小野新町字中通2,1,1,,1,,,1,,1,37.279327,140.634292,
1248,E0752200013201,Ｂ＆Ｇ海洋センター・町民体育館,福島県小野町大字小野新町字美売65-1,1,1,,1,,,1,,1,37.289385,140.621379,
1249,E0752200014201,小野小学校,福島県小野町大字小野新町字万景43,1,1,,1,,,1,,1,37.283246851972,140.629679081,
1250,E0752200016201,上羽出庭地区農村研修センター,福島県小野町大字上羽出庭字辻ノ内84,1,1,,1,,,1,,1,37.231355,140.613448,
1251,E0752200020201,小野中学校,福島県小野町大字谷津作字和久59,1,1,,1,,,1,,1,37.275900866877,140.62830977079,
1252,E0752200021201,浮金集落センター,福島県小野町大字浮金字須和間112,1,1,,1,,,1,,1,37.34286,140.558902,
1253,E0744600001201,昭和村公民館,福島県昭和村大字下中津川字住吉415,1,1,,1,,1,1,,1,37.334192,139.613444,
1254,E0744600004201,昭和小学校,福島県昭和村大字下中津川字二十苅255,1,1,,1,,1,1,,1,37.331924359945,139.61413377975,
1255,E0744600023202,しらかば荘,福島県昭和村大字野尻字廻り戸1178,1,1,,1,,1,1,,1,37.35552,139.590484,
1256,E0744600019201,しらかば会館,福島県昭和村大字野尻字新町1267,1,1,,1,,1,1,,1,37.355421,139.591361,
1257,E0756100005201,相馬地域開発記念緑地,福島県新地町駒ケ嶺,1,1,1,1,1,1,1,,,37.850590044804,140.90953469702,
1258,E0756100001201,富倉防災コミュニティセンター駐車場,福島県新地町駒ケ嶺字狐塚125,1,1,1,1,1,1,1,,1,37.860305875398,140.92127701913,
1259,E0756100003201,駒ヶ嶺小学校校庭,福島県新地町駒ケ嶺字新町前52,1,1,1,1,1,1,1,,1,37.843680781289,140.91779610498,
1260,E0756100004201,旧駒ヶ嶺小学校跡地,福島県新地町駒ケ嶺字新林20,1,1,1,1,1,1,1,,,37.852810396122,140.92109862371,
1261,E0756100006201,今泉墓地広場,福島県新地町今泉,1,1,1,1,1,1,1,,,37.853893750023,140.94394777167,
1262,E0756100008201,総合体育館駐車場,福島県新地町小川字川向9-1,1,1,1,1,1,1,1,,1,37.862122889047,140.91738994826,
1263,E0756100009201,大戸浜緑地広場,福島県新地町大戸浜字宮田23,1,1,1,1,1,1,1,,1,37.86961864727,140.93364051424,
1264,E0756100010201,新地小学校校庭,福島県新地町谷地小屋字愛宕1,1,1,1,1,1,1,1,,1,37.87376706489,140.91643531289,
1265,E0756100011201,尚英中学校校庭,福島県新地町谷地小屋字愛宕38,1,1,1,1,1,1,1,,1,37.87233579499,140.91454167334,
1266,E0756100012201,防災センター,福島県新地町谷地小屋字中田55,1,1,1,1,1,1,1,,,37.877809678807,140.91758403742,
1267,E0756100013201,農村環境改善センター駐車場,福島県新地町谷地小屋字樋掛田40-1,1,1,1,1,1,1,1,,,37.876023089402,140.92086731709,
1268,E0756100015201,福田小学校校庭,福島県新地町福田字中里16,1,1,1,1,1,1,1,,1,37.889409104007,140.89342653436,
1269,E0756100016201,聖ヨハネ教会跡地,福島県新地町埓木崎字磯山,,,,,1,,,,,37.895297539655,140.92761461664,
1270,E0756100017201,作田コミュニティセンター駐車場,福島県新地町埓木崎字作田38,1,1,1,1,1,1,1,,1,37.884649656338,140.91579787972,
1271,E0720700166201,翠ヶ丘公園,福島県須賀川市愛宕山5,1,1,,1,,1,1,,,37.292312,140.383986,
1272,E0720700003201,旭町公園,福島県須賀川市旭町201-1,1,1,,1,,1,1,,,37.284918338824,140.37804409509,
1273,E0720700007201,須賀川市営墓地公園,福島県須賀川市稲,1,1,,1,,1,1,,,37.279443974918,140.3265959303,
1274,E0720700005201,市立第一中学校校庭,福島県須賀川市稲荷町130,1,1,,1,,1,1,,1,37.279418988258,140.36664380042,
1275,E0720700006201,旭ヶ岡公園,福島県須賀川市稲荷町地内,1,1,,1,,1,1,,,37.281976007815,140.36582095668,
1276,E0720700160201,市立大東中学校校庭,福島県須賀川市雨田字芳ヶ平62,1,1,,1,,1,1,,1,37.264286295018,140.42242318567,
1277,E0720700161201,市立大東小学校校庭,福島県須賀川市雨田字芳ヶ平72,1,1,,1,,1,1,,1,37.266403827001,140.42304545816,
1278,E0720700012201,市立小塩江小学校校庭,福島県須賀川市塩田字作田1,1,1,,1,,1,1,,1,37.29097729316,140.43371963523,
1279,E0720700013201,小塩江コミュニティセンター広場,福島県須賀川市塩田字中丸木85,1,1,,1,,1,1,,1,37.292928402939,140.42416694316,
1280,E0720700013202,市立小塩江中学校校庭,福島県須賀川市塩田字中丸木85,1,,,1,,1,1,,1,37.293993174944,140.42463632974,
1281,E0720700014201,塩田区民館広場,福島県須賀川市塩田字飯塚149,1,1,,1,,1,1,,,37.289499462986,140.42432371473,
1282,E0720700016201,横山公園,福島県須賀川市横山町地内,1,1,,1,,1,1,,,37.282060222817,140.34710441701,
1283,E0720700018201,牡丹台野球場,福島県須賀川市牡丹園19,1,1,,1,,1,1,,,37.27451183745,140.39208841788,
1284,E0720700019201,加治町公園,福島県須賀川市加治町地内,1,1,,1,,1,1,,,37.288410960149,140.3722224131,
1285,E0720700022201,県立清陵情報高等学校校庭,福島県須賀川市滑川字西町179-6,1,1,,1,,1,1,,1,37.332718653304,140.37162480172,
1286,E0720700023201,市立柏城小学校校庭,福島県須賀川市滑川字東町127,1,1,,1,,1,1,,1,37.31998685148,140.37127031821,
1287,E0720700024202,西川中央公園,福島県須賀川市館取町地内,,1,,1,,1,,,,37.294009051951,140.36550584266,
1288,E0720700024201,川原公園,福島県須賀川市館取町地内,,1,,1,,1,,,,37.292837907111,140.36597301459,
1289,E0720700164201,舘ヶ岡農村公園,福島県須賀川市舘ヶ岡字本郷195,1,1,,1,,1,1,,,37.32982665967,140.29551980315,
1290,E0720700027201,丸田公園,福島県須賀川市丸田町地内,,1,,1,,1,,,,37.290245622419,140.36596187597,
1291,E0720700028201,市立第二中学校校庭,福島県須賀川市岩瀬森46,1,1,,1,,1,1,,1,37.303059,140.372206,
1292,E0720700029201,市立稲田学園校庭,福島県須賀川市岩渕字岡谷地1,1,1,,1,,1,1,,1,37.261959,140.322292,
1293,E0720700031201,稲田地域体育館駐車場,福島県須賀川市岩渕字岡谷地46,1,1,,1,,1,1,,1,37.263665261259,140.32183735024,
1294,E0720700034201,市立西袋中学校校庭,福島県須賀川市吉美根字土橋680,1,1,,1,,1,1,,1,37.30626561089,140.33914054336,
1295,E0720700035201,文化センター駐車場,福島県須賀川市牛袋町11,,1,,1,,1,,,,37.289873930356,140.35446484534,
1296,E0720700036201,円谷幸吉メモリアルアリーナ駐車場,福島県須賀川市牛袋町5,,1,,1,,1,,,1,37.291360134748,140.35622860902,
1297,E0720700037201,中宿公会堂広場,福島県須賀川市古屋敷126-1,,1,,1,,1,,,1,37.29730823632,140.37836900831,
1298,E0720700038201,市立阿武隈小学校校庭,福島県須賀川市古舘70,1,1,,1,,1,1,,1,37.296422451228,140.39059592692,
1299,E0720700039201,市立第二小学校校庭,福島県須賀川市弘法坦151,1,1,,1,,1,1,,1,37.292679512437,140.37123628608,
1300,E0720700042201,市立白方こども園広場,福島県須賀川市今泉字鼠内100,1,1,,1,,1,1,,,37.326153277488,140.25184157045,
1301,E0720700044201,市立白方小学校校庭,福島県須賀川市今泉字梅田181,1,1,,1,,1,1,,1,37.327174186946,140.25237648381,
1302,E0720700045201,西ノ内公園,福島県須賀川市坂の上町地内,1,1,,1,,1,1,,,37.297310915222,140.35956846038,
1303,E0720700046201,南上町公園,福島県須賀川市桜岡地内,1,1,,1,,1,1,,,37.283737887272,140.38138380921,
1304,E0720700048201,市立長沼中学校校庭,福島県須賀川市志茂字六角5,1,1,,1,,1,1,,1,37.285208890537,140.23977055196,
1305,E0720700168201,西舘児童遊び場,福島県須賀川市小作田字西舘130-2,,1,,1,,1,,,,37.271176,140.406712,
1306,E0720700052201,小作田公園,福島県須賀川市小作田字谷地地内,1,1,,1,,1,1,,,37.268996428237,140.40625893907,
1307,E0720700053201,大東地域体育館駐車場,福島県須賀川市小作田字湯名塚7-3,1,1,,1,,1,1,,1,37.270715195275,140.4147572443,
1308,E0720700054201,大東コミュニティセンター広場,福島県須賀川市小作田字湯名塚8-1,1,1,,1,,1,1,,1,37.270697690204,140.4153823596,
1309,E0720700055201,小塩江地域体育館駐車場,福島県須賀川市小倉字一本柿88,1,1,,1,,1,1,,1,37.284958725122,140.4331577001,
1310,E0720700056201,旧東山小学校校庭,福島県須賀川市小倉字桐久保1,1,,,1,,1,1,,1,37.279365343615,140.50343508996,
1311,E0720700057201,東山ふれあいホーム,福島県須賀川市小倉字桐久保19,1,1,,1,,1,1,,,37.275686372543,140.50322122327,
1312,E0720700059201,市立大東小学校上小山田分校校庭,福島県須賀川市上小山田字小林10,1,1,,1,,1,1,,1,37.268589803634,140.45398755943,
1313,E0720700061201,新屋敷公園,福島県須賀川市新町地内,,1,,1,,1,,,,37.294322010033,140.35410351206,
1314,E0720700062201,県立福島学園運動場,福島県須賀川市森宿字中新田128,1,1,,1,,1,1,,,37.309591917874,140.35376919445,
1315,E0720700158202,一夜舘公園,福島県須賀川市仁井田,1,1,,1,,1,1,,,37.324276878,140.32582512991,
1316,E0720700064201,仁井田コミュニティセンター広場,福島県須賀川市仁井田字猿池11,1,1,,1,,1,1,,1,37.329177798416,140.32946858985,
1317,E0720700065201,仁井田地域体育館駐車場,福島県須賀川市仁井田字大谷地187,1,1,,1,,1,1,,1,37.336642826278,140.35061466651,
1318,E0720700066201,市立仁井田小学校校庭,福島県須賀川市仁井田字長者井戸111-1,1,1,,1,,1,1,,1,37.336249574331,140.32887182676,
1319,E0720700067201,市立仁井田中学校校庭,福島県須賀川市仁井田字北明石田30,1,1,,1,,1,1,,1,37.332146594766,140.33253167255,
1320,E0720700068201,県立須賀川桐陽高等学校校庭,福島県須賀川市陣場町128,1,1,,1,,1,1,,1,37.297488668723,140.36524458552,
1321,E0720700069201,保健センター広場,福島県須賀川市諏訪町67-1,1,1,,1,,1,1,,,37.289641,140.373453,
1322,E0720700071201,西袋地域体育館駐車場,福島県須賀川市西川字金子田15-11,1,1,,1,,1,1,,1,37.3026144144,140.32903105925,
1323,E0720700072201,米山寺公園,福島県須賀川市西川字坂の上地内,1,1,,1,,1,1,,,37.299978906461,140.36305931694,
1324,E0720700075201,岡東公園,福島県須賀川市西川町地内,1,1,,1,,1,1,,,37.295480742301,140.36092104259,
1325,E0720700077201,泉田総合スポーツ広場,福島県須賀川市泉田字新舘136,1,1,,1,,1,1,,,37.26795678489,140.29956999227,
1326,E0720700079201,前田川扇町公園,福島県須賀川市前田川字扇町地内,1,1,,1,,1,1,,,37.250955642671,140.38876098371,
1327,E0720700080201,前田川集会所広場,福島県須賀川市前田川字和尚作17,1,1,,1,,1,1,,1,37.258787710449,140.39667862887,
1328,E0720700081201,市立西袋第二小学校校庭,福島県須賀川市袋田字小田切21,1,1,,1,,1,1,,1,37.304168,140.316656,
1329,E0720700082201,市立白江こども園広場,福島県須賀川市大久保字室貫26,1,1,,1,,1,1,,1,37.299463161917,140.28535630215,
1330,E0720700082202,市立白江小学校校庭,福島県須賀川市大久保字室貫26,1,1,,1,,1,1,,1,37.300593983343,140.28458919037,
1331,E0720700084201,夢みなみ農協旧大東支店広場,福島県須賀川市大栗字池ノ久保219,1,1,,1,,1,1,,,37.254487665263,140.43104916985,
1332,E0720700165201,大黒池防災公園,福島県須賀川市大黒町,1,1,,1,,1,1,,,37.287421466359,140.36588384881,
1333,E0720700086201,市立第一小学校校庭,福島県須賀川市大黒町100,1,1,,1,,1,1,,1,37.287713408253,140.36726883533,
1334,E0720700087201,影沼公園,福島県須賀川市大袋町地内,,1,,1,,1,,,,37.285036389548,140.35617297212,
1335,E0720700090201,滝防災公園,福島県須賀川市滝,1,1,,1,,1,1,,,37.308347678061,140.2030685127,
1336,E0720700088201,大滝川公園,福島県須賀川市滝字八幡後42-1,1,1,,1,,1,1,,,37.321278243157,140.20514093455,
1337,E0720700091201,市立大森小学校校庭,福島県須賀川市狸森字杉内90,1,1,,1,,1,1,,1,37.238257721259,140.44862036317,
1338,E0720700095201,市民スポーツ広場,福島県須賀川市中曽根60,,1,,1,,1,,,1,37.300956043499,140.3834624337,
1339,E0720700096201,市民交流センターｔｅｔｔｅ,福島県須賀川市中町4-1,1,1,,1,,1,1,,,37.288773532297,140.37530056714,
1340,E0720700097201,岩瀬市民サービスセンター,福島県須賀川市柱田字中地前22,,1,,1,,1,,,1,37.317819964915,140.27752929796,
1341,E0720700098201,市立岩瀬中学校校庭,福島県須賀川市柱田字南谷地前42,1,1,,1,,1,1,,1,37.31719318956,140.26621159995,
1342,E0720700099201,市立第三小学校校庭,福島県須賀川市朝日田53,1,1,,1,,1,1,,1,37.278895,140.386651,
1343,E0720700100201,市立第三中学校校庭,福島県須賀川市朝日田54,1,1,,1,,1,1,,1,37.277845318277,140.38867036902,
1344,E0720700101201,和田池公園,福島県須賀川市朝日田地内,1,1,,1,,1,1,,,37.281450017,140.39117301433,
1345,E0720700113201,北町防災公園,福島県須賀川市長沼,1,1,,1,,1,1,,,37.298558919047,140.2118373554,
1346,E0720700108201,城影防災公園,福島県須賀川市長沼,1,1,,1,,1,1,,,37.295438876831,140.21461312803,
1347,E0720700103201,長沼市民サービスセンター,福島県須賀川市長沼字金町85,1,1,,1,,1,1,,1,37.289726854525,140.2116171295,
1348,E0720700170201,長沼野球場,福島県須賀川市長沼字鹿之内入2-10,1,1,,1,,1,1,,,37.283560919612,140.21536213395,
1349,E0720700107201,ながぬまラボ,福島県須賀川市長沼字鹿之内入2-9,1,1,,1,,1,1,,,37.282698741343,140.21576982972,
1350,E0720700111201,市立長沼小学校校庭,福島県須賀川市長沼字殿町85,1,1,,1,,1,1,,1,37.292737427018,140.21367802266,
1351,E0720700115201,ふれあいセンター広場,福島県須賀川市長禄町79,,1,,1,,1,,,1,37.295365806327,140.37071925867,
1352,E0720700116201,長禄町公園,福島県須賀川市長禄町地内,1,1,,1,,1,1,,,37.294532836305,140.37169319436,
1353,E0720700117201,第二保育所広場,福島県須賀川市塚田10,,1,,1,,1,,,,37.29904464856,140.37373025936,
1354,E0720700118201,塚田公園,福島県須賀川市塚田地内,,1,,1,,1,,,,37.298711559421,140.37453580224,
1355,E0720700123201,市立西袋第一小学校校庭,福島県須賀川市日向町115,1,1,,1,,1,1,,1,37.297105669069,140.3536936524,
1356,E0720700125201,いわせ多目的グラウンド,福島県須賀川市畑田荒池上25-2,1,1,,1,,1,1,,,37.30717,140.2703117,
1357,E0720700126201,いわせグリーン球場,福島県須賀川市畑田荒池上30-1,1,1,,1,,1,1,,,37.308513685528,140.27038032536,
1358,E0720700132202,須賀川市役所,福島県須賀川市八幡町135,1,1,,1,,1,1,,,37.286902784484,140.37255175869,
1359,E0720700132201,市役所防災広場,福島県須賀川市八幡町135,1,1,,1,,1,1,,,37.287470166153,140.37173771074,
1360,E0720700135201,浜田地域体育館駐車場,福島県須賀川市浜尾字猫沼90,,1,,1,,1,,,1,37.284343436174,140.40485055465,
1361,E0720700136201,並木町運動場,福島県須賀川市並木町139-1,1,1,,1,,1,1,,1,37.277720653124,140.3698315495,
1362,E0720700138201,保土原・古戸地区運動場,福島県須賀川市保土原字寺作田184-1,1,1,,1,,1,1,,,37.247622371114,140.3024106577,
1363,E0720700140201,あおば公園,福島県須賀川市北横田字石の花124,1,1,,1,,1,1,,,37.296972790607,140.27400396879,
1364,E0720700142201,山寺池公園,福島県須賀川市北山寺町340,1,1,,1,,1,1,,,37.305567635601,140.36446173459,
1365,E0720700145201,堀底公園,福島県須賀川市堀底町地内,,1,,1,,1,,,,37.288655095141,140.35638165567,
1366,E0720700147201,長沼東部運動広場,福島県須賀川市木之崎字前田134,1,1,,1,,1,1,,,37.274572928195,140.27197881623,
1367,E0720700151201,県立須賀川創英館高等学校校庭,福島県須賀川市緑町88,1,1,,1,,1,1,,1,37.287295203809,140.38722197615,
1368,E0720700167201,六軒団地集会所広場,福島県須賀川市六軒131-6,1,1,,1,,1,1,,,37.273353,140.378008,
1369,E0720700169201,和田児童遊び場,福島県須賀川市和田字宿194-2,,1,,1,,1,,,,37.277265,140.403934,
1370,E0720700154201,東コミュニティセンター広場,福島県須賀川市和田字柏崎44,1,1,,1,,1,1,,1,37.281934318178,140.39319613859,
1371,E0720700155201,市立長沼東小学校校庭,福島県須賀川市桙衝字下沖58,1,1,,1,,1,1,,1,37.273069459812,140.27199997548,
1372,E0740500001201,西会津町克雪管理センター　大綱木分室,福島県西会津町奥川大字大綱木字杉ノ下476-1,1,,,,,1,,,,37.68409516562,139.68410330727,
1373,E0740500002201,旧奥川大舟沢季節分校,福島県西会津町奥川大字大綱木字大舟島3330,1,1,,,,,,,,37.678417414546,139.69753067302,
1374,E0740500003201,旧奥川小学校弥平四郎分校,福島県西会津町奥川大字飯根字弥平四郎716,1,,,,,,,,,37.75668952,139.7147933,
1375,E0740500004202,旧奥川小学校（体育館）,福島県西会津町奥川大字飯里字上ノ原37,1,1,,,,,,,1,37.68272896,139.6577258,
1376,E0740500004201,奥川みらい交流館,福島県西会津町奥川大字飯里字上ノ原37,1,1,,,,,,,1,37.68266103,139.657522,
1377,E0740500005201,旧奥川寄宿舎,福島県西会津町奥川大字飯里字沢ノ目449-6,1,,,,,,,,,37.68176907,139.6579438,
1378,E0740500006201,西会津町克雪管理センター（旧奥川支所）,福島県西会津町奥川大字飯里字檀ノ前1563,1,1,,,,1,,,,37.68358912,139.6625415,
1379,E0740500007201,奥川体育館（旧奥川中学校体育館）,福島県西会津町奥川大字豊島字大田630,1,1,,,,,,,,37.67942856,139.6537933,
1380,E0740500008201,旧群岡小学校（体育館）,福島県西会津町群岡字外城甲850,1,1,,,,,,,,37.63014554,139.6252519,
1381,E0740500009201,御稷神社,福島県西会津町群岡字梨ヶ峯甲2543-31,1,1,,,,1,,,,37.64306,139.628984,
1382,E0740500010201,群岡体育館（旧群岡中学校体育館）,福島県西会津町上野尻字下沖ノ原2633-1,1,1,,,,,,,1,37.62829066,139.6308796,
1383,E0740500011201,西会津町保健センター,福島県西会津町上野尻字西林崎3136-5,1,1,,,,,,,,37.6288106,139.6305215,
1384,E0740500012201,西会津国際芸術村（旧新郷中学校）,福島県西会津町新郷大字笹川字上ノ原道上5752,1,1,,,,1,,,,37.637220629703,139.66252954285,
1385,E0740500013201,新郷体育館（旧新郷小学校体育館）,福島県西会津町新郷大字笹川字上ノ原道上5780,1,1,,,,1,,,,37.63741841,139.6631138,
1386,E0740500014201,さゆり公園,福島県西会津町登世島字西林乙2529-10,1,1,,1,,1,,,1,37.598149301881,139.64294057672,
1387,E0740500015201,屋内ゲートボール場（すぱーく西会津）,福島県西会津町登世島字西林乙5356-3,1,1,,1,,1,,,,37.596376433245,139.64612260623,
1388,E0740500018201,西会津小学校（多目的ホール等）,福島県西会津町尾野本字新森野66,1,1,,1,,1,,,,37.590428035915,139.65438570901,
1389,E0740500019201,西会津中学校（アリーナ等）,福島県西会津町尾野本字新森野87,1,1,,1,,1,,,1,37.58944299,139.6521519,
1390,E0740500020201,西会津町林業研修センター,福島県西会津町尾野本字樋ノ口原乙1459-1,1,1,,1,,1,,,,37.590201426603,139.65792778466,
1391,E0740500021201,旧尾野本保育所,福島県西会津町尾野本字樋ノ口原乙1523,1,1,,,,1,,,,37.58843899,139.657328,
1392,E0740500021202,旧尾野本小学校（講堂）,福島県西会津町尾野本字樋ノ口原乙1523,1,1,,,,,,,,37.58941667,139.6570933,
1393,E0740500022201,旧尾野本小学校上谷分校,福島県西会津町睦合字家ノ下丁277,1,1,,,,1,,,,37.547906374202,139.67890995878,
1394,E0740500023201,野沢体育館（旧西会津小学校体育館）,福島県西会津町野沢字下小屋上乙3308,1,1,,1,,,,,1,37.58768078,139.6486632,
1395,E0740500024201,道の駅にしあいづ,福島県西会津町野沢字下條乙1969-26,1,1,,1,,1,,,,37.58582417,139.6425652,
1396,E0740500025201,西会津町公民館,福島県西会津町野沢字原町乙2234-1,1,1,,,,,,,1,37.586092671094,139.64673315092,
1397,E0740500026201,たかはし桜公園,福島県西会津町野沢字上原乙2424,1,1,,,,,,,,37.588856484903,139.64399311225,
1398,E0740500027201,福島県立西会津高等学校（グラウンド）,福島県西会津町野沢字上條道東256,1,1,,,,1,,,,37.588113209471,139.63828193007,
1399,E0740500028201,西会津町老人憩の家,福島県西会津町野沢字如法寺乙3590-2,1,1,,1,,1,,,,37.57642723,139.644584,
1400,E0746100001201,前山西公園,福島県西郷村字前山西62,1,1,,1,,1,1,1,,37.123365,140.182575,
1401,E0746100005201,羽太小学校　校庭,福島県西郷村大字羽太字新宿52,1,1,,1,,1,1,1,1,37.174855,140.155788,
1402,E0746100010201,米多目的運動場,福島県西郷村大字熊倉字下山8,1,1,,1,,1,1,1,,37.140865,140.179288,
1403,E0746100011201,熊倉コミュニティセンター（駐車場）,福島県西郷村大字熊倉字火打山130,1,1,,1,,1,1,1,1,37.15512,140.16393,
1404,E0746100012201,西郷第一中学校　校庭,福島県西郷村大字熊倉字火打山5,1,1,,1,,1,1,1,1,37.155919,140.162688,
1405,E0746100013201,熊倉小学校　校庭,福島県西郷村大字熊倉字折口原33-1,1,1,,1,,1,1,1,1,37.142384,140.155169,
1406,E0746100014201,西郷村営折口原グランド,福島県西郷村大字熊倉字折口原405,1,1,,1,,1,1,1,,37.137534,140.151553,
1407,E0746100015201,西郷村文化センター（駐車場）,福島県西郷村大字熊倉字折口原76-1,1,1,,1,,1,1,1,1,37.140696,140.15441,
1408,E0746100022201,小田倉小学校　校庭,福島県西郷村大字小田倉字原中189,1,1,,1,,1,1,1,1,37.120185,140.161367,
1409,E0746100023201,西郷村民体育館,福島県西郷村大字小田倉字蛇口1-4,1,1,,1,,1,1,1,1,37.130238,140.150345,
1410,E0746100024201,西郷村立まきば保育園（園庭）,福島県西郷村大字小田倉字小田倉原1-40,1,1,,1,,1,1,1,1,37.125035,140.164063,
1411,E0746100028201,西郷村保健福祉センター（駐車場）,福島県西郷村大字小田倉字上川向76-1,,1,,1,,1,1,1,1,37.123874,140.156743,
1412,E0746100030201,西郷第二中学校　校庭,福島県西郷村大字小田倉字上野原459-1,1,1,,1,,1,1,1,1,37.118315,140.145289,
1413,E0746100033201,大平アメニティ広場,福島県西郷村大字小田倉字大平103-8,1,1,,1,,1,1,1,,37.111581,140.16032,
1414,E0746100036201,西郷村民野球場,福島県西郷村大字小田倉字中島26,1,1,,1,,1,1,1,,37.130149,140.149065,
1415,E0746100040201,川谷小・中学校　校庭,福島県西郷村大字真船字蒲日向269,1,1,,1,,1,1,1,1,37.160414,140.092239,
1416,E0746100044201,真船コミュティセンター広場,福島県西郷村大字真船字小塚前40-3,1,1,,1,,1,1,1,,37.144132,140.143643,
1417,E0746100050201,追原コミュティセンター（駐車場）,福島県西郷村大字鶴生字由井ケ原54,1,1,,1,,1,1,1,1,37.159032,140.120097,
1418,E0746100054201,西郷村立幼稚園（園庭）,福島県西郷村大字米字舘岡1-1,1,1,,1,,1,1,1,,37.141731,140.189608,
1419,E0746100057201,米小学校　校庭,福島県西郷村大字米字向山59-1,1,1,,1,,1,1,1,1,37.139658,140.180616,
1420,E0750100004201,野木沢小学校校庭,福島県石川町曲木字燈籠場5,1,1,,1,,1,,,1,37.178828030864,140.42929511485,
1421,E0750100005201,野木沢保育所広場,福島県石川町曲木字燈籠場7,1,1,,1,,1,,,,37.177676674347,140.42905612923,
1422,E0750100012201,まちなか駐車場,福島県石川町字下泉153-2,,,,1,,1,,,,37.144086699684,140.45233729317,
1423,E0750100013201,旧々石川小学校グラウンド,福島県石川町字関根1,1,,,1,,1,,,,37.146054155499,140.45715017287,
1424,E0750100015201,文教福祉複合施設（モトガッコ）駐車場,福島県石川町字関根165,,1,,1,,1,,,1,37.146449,140.457929,
1425,E0750100015202,文教福祉複合施設（モトガッコ）広場,福島県石川町字関根165,,,,1,,1,,,1,37.146222041497,140.45912211076,
1426,E0750100016201,町民野球場,福島県石川町字関根234,1,,,1,,1,,,,37.146372924671,140.46128716208,
1427,E0750100017201,第一保育所広場,福島県石川町字古館178,1,1,,1,,1,,,,37.153925657976,140.45395449342,
1428,E0750100019201,県立石川高校校庭,福島県石川町字高田200,1,1,,1,,1,,,,37.152102974549,140.45322623159,
1429,E0750100022202,総合体育館前駐車場,福島県石川町字渡里沢296-8,1,1,,1,,1,,,1,37.143957909956,140.43463153648,
1430,E0750100022201,総合体育館多目的広場,福島県石川町字渡里沢296-8,1,1,,1,,1,,,1,37.145138101523,140.43574197101,
1431,E0750100024201,勤労青少年ホーム駐車場,福島県石川町字当町418-1,1,1,,1,,1,,,1,37.144477057492,140.44195325412,
1432,E0750100029201,旧外槇保育所広場,福島県石川町字梁瀬478,1,1,,1,,1,,,,37.153470069995,140.41675852221,
1433,E0750100030201,安産地蔵広場,福島県石川町新屋敷字新覚42-1,1,1,,1,,1,,,,37.1537291305,140.39220651327,
1434,E0750100032201,赤羽公園,福島県石川町赤羽字風呂沢16-2,1,1,,1,,1,,,,37.131868605516,140.37548213239,
1435,E0750100033201,中谷自治センター広場,福島県石川町双里字神主34,,1,,1,,1,,,,37.14705577287,140.47734603046,
1436,E0750100035201,石川中学校校庭,福島県石川町双里字川向165,1,,,1,,1,,,,37.14531686546,140.46615408342,
1437,E0750100037201,山橋自治センター駐車場,福島県石川町大字山形字中野沢55,1,1,,1,,1,,,,37.115681446292,140.46975135582,
1438,E0750100038201,沢井地区防災広場,福島県石川町大字沢井字藤沢95-13,1,1,,1,,1,,,,37.152713970612,140.41106259391,
1439,E0750100039201,沢田自治センターグラウンド,福島県石川町沢井字上ノ原100,1,1,,1,,1,,,,37.142274190856,140.3958035478,
1440,E0750100041201,沢田小学校校庭,福島県石川町沢井字上ノ原75,1,1,,1,,1,,,1,37.142987239515,140.39735256323,
1441,E0750100044201,旧中谷第二小学校校庭,福島県石川町中田字八又396,1,1,,1,,1,,,,37.150921280464,140.51047945605,
1442,E0750100046201,野木沢自治センター広場,福島県石川町中野字水無59,1,1,,1,,1,,,1,37.17449679745,140.42586516355,
1443,E0750100049201,旧南山形小学校校庭,福島県石川町板橋字八升蒔25,1,1,,1,,1,,,,37.102655897614,140.4781537513,
1444,E0750100051201,母畑自治センター駐車場,福島県石川町母畑字小田口43,1,1,,1,,1,,,1,37.179022147105,140.46516077612,
1445,E0750100052201,母畑レークサイドセンターグラウンド,福島県石川町母畑字梅木入71-8,1,1,,1,,1,,,1,37.194515498699,140.48505666448,
1446,E0750100053201,旧母畑小学校校庭,福島県石川町母畑字樋田60,1,,,1,,1,,,1,37.174714829824,140.46680411036,
1447,E0754400001201,宮ノ下集会所,福島県川内村大字下川内字宮ノ下81-2,1,1,,1,,1,1,1,1,37.328926,140.819436,
1448,E0754400002201,旧川内中学校,福島県川内村大字下川内字宮渡29,1,1,,1,,1,1,1,1,37.330848771526,140.81412760558,
1449,E0754400003201,五枚沢集会所,福島県川内村大字下川内字五枚沢39-3,1,1,,1,,1,1,1,1,37.3492122,140.892987,
1450,E0754400004201,複合施設　ゆふね,福島県川内村大字下川内字坂シ内133-5,1,1,,1,,1,1,1,1,37.3319502312,140.837659669,
1451,E0754400005201,第５区集会所,福島県川内村大字下川内字坂シ内33-2,1,1,,1,,1,1,1,1,37.328224985132,140.83232446198,
1452,E0754400006201,手古岡集会所,福島県川内村大字下川内字手古岡231-1,1,1,,1,,1,1,1,1,37.286299,140.838558,
1453,E0754400007201,第６区集会所,福島県川内村大字下川内字石崎31-2,1,1,,1,,1,1,1,1,37.317376,140.834651,
1454,E0754400008201,第７区集会所,福島県川内村大字下川内字北川原11-9,1,1,,1,,1,1,1,1,37.315669908774,140.84006148875,
1455,E0754400009201,第８区集会所,福島県川内村大字下川内字毛戸26-2,1,1,,1,,1,1,1,1,37.369212372269,140.87106160077,
1456,E0754400010201,第２区集会所,福島県川内村大字上川内字関場28-1,1,1,,1,,1,1,1,1,37.351142617595,140.79219949125,
1457,E0754400011201,川内村コミュニティセンター,福島県川内村大字上川内字小山平15,1,1,,1,,1,1,1,1,37.336970855441,140.80868193847,
1458,E0754400012201,川内村村民体育センター,福島県川内村大字上川内字小山平501-12,1,1,,1,,1,1,1,1,37.336330036818,140.8089463572,
1459,E0754400013202,川内小中学園,福島県川内村大字上川内字沼畑125,1,1,,1,,1,1,1,1,37.343338654935,140.80293659272,
1460,E0754400013201,かわうち保育園,福島県川内村大字上川内字沼畑125,1,1,,1,,1,1,1,1,37.342397350027,140.80342900588,
1461,E0754400014201,第１区集会所,福島県川内村大字上川内字前谷地106-1,1,1,,1,,1,1,1,1,37.376394,140.751683,
1462,E0754400015201,第４区集会所,福島県川内村大字上川内字大根森81-1,1,1,,1,,1,1,1,1,37.323481943004,140.7827463463,
1463,E0754400016201,第３区山村活性化支援センター,福島県川内村大字上川内字町分439,1,1,,1,,1,1,1,1,37.342307299,140.804071373,
1464,E0730800002201,旧福田小学校,福島県川俣町羽田字山ノ坊15,,1,,1,,,,,1,37.684966,140.561618,
1465,E0730800006201,山木屋小中学校,福島県川俣町山木屋字小塚山9-1,1,1,,1,,1,1,,1,37.602735916506,140.67571612503,
1466,E0730800009201,山木屋地区復興商業施設（とんやの郷　駐車場）,福島県川俣町山木屋字日向40-1,1,1,,1,,1,1,,,37.6054569723,140.6719835094,
1467,E0730800011201,川俣中学校,福島県川俣町字宮ノ脇14,1,1,,1,,,1,,1,37.667511541714,140.59705151149,
1468,E0730800012201,川俣小学校,福島県川俣町字宮前36,,1,,1,,,,,1,37.669442723425,140.5994530086,
1469,E0730800013201,旧すみよし保育園,福島県川俣町字五百田21-1,1,1,,,,,1,,1,37.666945758472,140.60004062812,
1470,E0730800014201,川俣町役場,福島県川俣町字五百田30,1,1,,1,,1,1,,1,37.664980096572,140.59828978871,
1471,E0730800016201,かわまた認定こども園,福島県川俣町字川原田46,,1,,1,,,,,1,37.658489860726,140.60656772024,
1472,E0730800020201,川俣町商工会,福島県川俣町字八反田23,1,1,,,,,1,,1,37.665951595539,140.60128827438,
1473,E0730800031201,おじまふるさと交流館,福島県川俣町小島字町畑12,1,1,,1,,,1,,1,37.697322894334,140.60872616058,
1474,E0730800035201,羽山の森美術館,福島県川俣町西福沢字山桝内20,1,1,,,,,1,,1,37.651420270071,140.57977053171,
1475,E0730800042201,旧冨田幼稚園,福島県川俣町鶴沢字笛田25-4,1,1,,1,,,1,,1,37.66553016,140.5909435,
1476,E0730800043201,道の駅川俣（駐車場部分）,福島県川俣町鶴沢字東13-1,1,1,,1,,1,1,,1,37.668061527,140.576350488,
1477,E0730800044201,旧冨田小学校,福島県川俣町鶴沢字林山18,1,1,,1,,,1,,1,37.6709793929,140.57919454076,
1478,E0730800049201,農村広場,福島県川俣町東福沢字坊ノ入,1,1,,,,,1,,,37.6530615808,140.591776096,
1479,E0730800050201,川俣町体育館,福島県川俣町東福沢字万所内山2,1,1,,1,,,1,,1,37.656913122495,140.59516343188,
1480,E0730800053201,旧飯坂小学校,福島県川俣町飯坂字南古堂道内5,,1,,1,,,,,1,37.66948989576,140.62657983577,
1481,E0746400005201,泉崎村立泉崎第一小学校,福島県泉崎村大字泉崎字高屋原71,,,,1,,1,,,1,37.163143487116,140.29214542224,
1482,E0746400018201,泉崎村保健福祉総合センター,福島県泉崎村大字泉崎字山ヶ入101,1,1,,1,,1,,,1,37.158168093628,140.29157834973,
1483,E0746400008201,泉崎村立泉崎中学校,福島県泉崎村大字泉崎字上陣場14,,,,1,,1,,,1,37.153124850307,140.31570406024,
1484,E0746400017201,泉崎村防災センター,福島県泉崎村大字泉崎字新宿2,1,1,,1,,1,,,1,37.156995,140.2953,
1485,E0746400012201,泉崎村立泉崎幼稚園,福島県泉崎村大字泉崎字八丸100,,,,1,,1,,,1,37.15450599957,140.30286140322,
1486,E0746400013201,泉崎村役場,福島県泉崎村大字泉崎字八丸145,1,1,,1,,1,,,1,37.153784,140.303473,
1487,E0746400014201,泉崎村農村環境改善センター,福島県泉崎村大字北平山字高柳88-1,1,1,,1,,1,,,1,37.148559868204,140.30273672553,
1488,E0746400015201,泉崎村立泉崎第二小学校,福島県泉崎村大字北平山字新田東山48-2,,,,1,,1,,,1,37.142027554477,140.31541186649,
1489,E0750400002201,旧山白石小学校,福島県浅川町大字山白石字本内230,1,1,,1,,1,,,1,37.096427,140.443036,
1490,E0750400003201,浅川小学校,福島県浅川町大字浅川字荒町108,1,1,,1,,1,,,1,37.080483,140.414862,
1491,E0750400004201,保健センター,福島県浅川町大字浅川字大明塚114-28,1,1,,1,,1,,,1,37.077727,140.411671,
1492,E0750400005201,浅川中学校,福島県浅川町大字浅川字大明塚120,1,1,,1,,1,,,1,37.080371,140.411854,
1493,E0750400008201,浅川町武道館,福島県浅川町大字浅川字背戸谷地144-4,1,1,,1,,1,,,1,37.08081464,140.4108569,
1494,E0750400013201,旧里白石小学校,福島県浅川町大字里白石字寺ノ前118,1,1,,1,,1,,,1,37.107902,140.419079,
1495,E0750400014201,あさかわこども園,福島県浅川町大字簑輪字坂前137,1,1,,1,,1,,,1,37.07230548,140.411672,
1496,E0720900001201,磯部中学校　敷地,福島県相馬市磯部字狐穴647,1,,1,1,1,1,1,,,37.76141515147,140.98725613774,中学校の建物は令和７年４月１日より施設閉鎖。敷地は指定緊急避難場所として引き続き利用。
1497,E0720900003201,磯部コミュニティセンター,福島県相馬市磯部字狐穴647-4,1,,1,1,1,1,1,,1,37.761049807742,140.98719133159,
1498,E0720900004201,磯部小学校,福島県相馬市磯部字上ノ台467-2,1,,1,1,1,1,1,,1,37.760500714838,140.9918971924,
1499,E0720900005201,台畑防災集合所,福島県相馬市磯部字台畑29-2,1,,1,1,1,1,1,,,37.764032716999,140.99439616996,
1500,E0720900006201,沖ノ内公園,福島県相馬市沖ノ内2-6-1,1,,,1,,1,,,,37.806029445351,140.92986165062,
1501,E0720900008201,立切防災集合所,福島県相馬市蒲庭字舘前23-1,1,,,1,,1,1,,,37.729531631955,141.00538384742,
1502,E0720900009201,獺庭防災集合所,福島県相馬市蒲庭字獺庭91-3,1,,,1,,1,1,,,37.739293857004,140.99222232339,
1503,E0720900010201,岩子防災集合所,福島県相馬市岩子字数馬206-3,1,,,1,,1,1,,,37.804287916156,140.96039730525,
1504,E0720900011201,長命寺,福島県相馬市岩子字大迫287,1,1,1,1,1,1,1,,,37.807161891969,140.96250529139,
1505,E0720900012201,玉野公民館,福島県相馬市玉野字町56-1,1,,,1,,1,1,,,37.768764651066,140.71511453479,
1506,E0720900013201,玉野広場施設,福島県相馬市玉野字副霊山1-17,1,,,1,,1,,,,37.78762201519,140.71879244476,
1507,E0720900014201,副霊山生活改善センター,福島県相馬市玉野字副霊山1-6,1,1,,1,,1,1,,,37.787660018408,140.71805979029,
1508,E0720900015201,原釜防災集合所,福島県相馬市原釜字大津241-5,1,,1,1,,1,1,,,37.828097379619,140.96041401847,
1509,E0720900080201,東部公民館,福島県相馬市原釜字北高野56-1,1,,1,1,1,1,1,,1,37.825644,140.956209,
1510,E0720900018201,相馬市復興交流支援センター,福島県相馬市光陽3-3-1,1,,1,1,,1,1,,,37.832810804006,140.93557597134,
1511,E0720900019201,山上公民館,福島県相馬市山上字上ノ台1-1,1,,,1,,1,1,,,37.778185489182,140.87989858806,
1512,E0720900020201,山上多目的集会所,福島県相馬市山上字尖森14-2,1,1,,1,,1,1,,,37.773804470307,140.86611185709,
1513,E0720900021201,老人憩いの家,福島県相馬市山上字尖森27-1,1,1,,1,,1,1,,,37.77398661506,140.86640507765,
1514,E0720900022201,山上小学校,福島県相馬市山上字柳下32-2,1,1,,1,,1,1,,1,37.776953200533,140.87979102665,
1515,E0720900024201,相馬市総合福祉センター,福島県相馬市小泉字高池357,1,,,1,,1,1,,1,37.807037355675,140.91827249865,
1516,E0720900026201,小泉集会所,福島県相馬市小泉字高池736-1,1,,,1,,1,1,,,37.806730751618,140.92074359669,
1517,E0720900027201,小野多目的集会所,福島県相馬市小野字薬師堂35,1,,,1,,1,1,,,37.805077055721,140.89498473142,
1518,E0720900028201,坪ヶ迫東公園,福島県相馬市新沼字一反田220,1,,,1,,1,,,,37.813050040837,140.92711628997,
1519,E0720900029201,刈敷田集会所,福島県相馬市新沼字刈敷田14-13,1,,,1,,1,1,,,37.812536487328,140.93483191386,
1520,E0720900030201,刈敷田東公園,福島県相馬市新沼字刈敷田19-3,1,,,1,,1,,,,37.815401222997,140.93883600349,
1521,E0720900031201,新沼コミュニティセンター,福島県相馬市新沼字観音前270-1,1,,,1,,1,1,,,37.817710576433,140.93422404831,
1522,E0720900032201,坪ヶ迫ちびっこ広場,福島県相馬市新沼字坪ケ迫1-1,1,,,1,,1,,,,37.812709286718,140.92457623612,
1523,E0720900032202,坪ヶ迫団地集会所,福島県相馬市新沼字坪ケ迫1-1,1,,,1,,1,1,,,37.811488734826,140.92505903375,
1524,E0720900033201,新田防災集合所,福島県相馬市新田字梅川120-2,1,,,1,,1,1,,,37.788154306549,140.96157845002,
1525,E0720900034201,大野公民館,福島県相馬市石上字みさご沢326-1,1,,,1,,1,1,,,37.822839867408,140.89554739651,
1526,E0720900035201,石上多目的集会所,福島県相馬市石上字寺前56,1,,,1,,1,1,,,37.823405047006,140.91795321512,
1527,E0720900036201,相馬看護専門学校体育館,福島県相馬市石上字南蛯沢344,1,,1,1,1,1,1,,1,37.811357466354,140.91689404806,
1528,E0720900037201,飯豊小学校,福島県相馬市大曲字天神前42,1,,1,1,,1,1,,1,37.78848828863,140.94815443823,
1529,E0720900038201,大野小学校,福島県相馬市大坪字東畑7,1,,,1,,1,1,,1,37.830139992187,140.89693967614,
1530,E0720900039201,大野台公園,福島県相馬市大野台1-1-15,,,,1,,1,,,,37.836507086541,140.88467123368,
1531,E0720900040201,高池前公園,福島県相馬市中村字高池前44,,,,1,,1,,,,37.804019983555,140.91909376014,
1532,E0720900041201,桜ヶ丘公園,福島県相馬市中村字桜ケ丘154,1,,,1,,1,,,,37.801697253909,140.91634717811,
1533,E0720900042201,桜丘小学校,福島県相馬市中村字桜ケ丘179,1,,,1,,1,1,,1,37.801445871106,140.91448160348,
1534,E0720900043201,桜ヶ丘東公園,福島県相馬市中村字桜ケ丘30,1,,,1,,1,,,,37.80157324245,140.91965336003,
1535,E0720900044201,新町緑地公園,福島県相馬市中村字新町185-1,1,,,1,,1,,,,37.798759828795,140.92415508854,
1536,E0720900045201,川沼集会所,福島県相馬市中村字川沼151,1,,,1,,1,,,,37.803271185981,140.91705882165,
1537,E0720900046201,川沼西公園,福島県相馬市中村字川沼306,1,,,1,,1,,,,37.804308200387,140.91409412253,
1538,E0720900047201,前沢目公園,福島県相馬市中村字泉町3,1,,,1,,1,,,,37.804164404531,140.92290685068,
1539,E0720900048201,中村第一小学校,福島県相馬市中村字大手先1,1,,,1,,1,1,,1,37.796278721462,140.9172072933,
1540,E0720900050201,相馬高等学校体育館,福島県相馬市中村字大手先57-1,1,,,1,,1,1,,1,37.795520551676,140.91375965956,
1541,E0720900051201,スポーツアリーナそうま,福島県相馬市中村字北町55-1,1,,,1,,1,1,,1,37.7984019991,140.918777,
1542,E0720900052201,馬陵公園,福島県相馬市中村字北町94-2,1,,,1,,1,,,,37.798285394902,140.91625631343,
1543,E0720900053201,中村第一中学校,福島県相馬市中村字本町132-1,1,,,1,,1,1,,1,37.799439479349,140.9078741372,
1544,E0720900054201,向陽中学校,福島県相馬市中野字桜町76,1,,,1,,1,1,,1,37.792519783424,140.92018335628,
1545,E0720900055201,相馬愛育園,福島県相馬市中野字清水172-2,1,,,1,,1,1,,,37.78829974433,140.91042674875,
1546,E0720900056201,中野防災集合所,福島県相馬市中野字北反町141,1,,,1,,1,1,,,37.79453560728,140.92403124185,
1547,E0720900057201,椎木多目的集会所,福島県相馬市椎木字北原443,1,,,1,,1,1,,,37.841137461424,140.89617093425,
1548,E0720900058201,塚ノ町緑地公園,福島県相馬市塚ノ町1-3-1,1,,,1,,1,,,,37.801681397504,140.92721871948,
1549,E0720900059201,八幡小学校,福島県相馬市坪田字清水前9-3,1,,,1,,1,1,,1,37.776476569648,140.91338401305,
1550,E0720900060201,八幡公民館,福島県相馬市坪田字北田68,1,,,1,,1,1,,,37.770961726599,140.91324860752,
1551,E0720900061201,飯豊公民館,福島県相馬市程田字明神前142-4,1,,1,1,,1,1,,,37.788457597795,140.9535001983,
1552,E0720900062201,南飯渕防災集合所,福島県相馬市南飯渕字成南76-1,1,,1,1,,1,1,,,37.800263838845,140.94407037891,
1553,E0720900063201,日立木公民館,福島県相馬市日下石字高根沢31,1,,,1,,1,1,,,37.765752047713,140.94341906609,
1554,E0720900064201,日立木小学校,福島県相馬市日下石字神明前14,1,,,1,,1,1,,1,37.767549574094,140.94635104017,
1555,E0720900065201,日下石防災集合所,福島県相馬市日下石字堂田436,1,,,1,,1,1,,,37.76588943165,140.95565728107,
1556,E0720900067201,松川防災集合所,福島県相馬市尾浜字高塚214-7,1,,1,1,,1,1,,,37.823038920112,140.9623062117,
1557,E0720900068201,高平公園,福島県相馬市尾浜字高塚217,1,,,1,,1,,,,37.824274279504,140.96244550623,
1558,E0720900069201,中村第二小学校,福島県相馬市尾浜字細田1,1,,1,1,1,1,1,,1,37.820929495562,140.9434213369,
1559,E0720900071201,細田公会堂,福島県相馬市尾浜字札ノ沢1-5,1,,1,1,,1,1,,,37.821070809988,140.94493607519,
1560,E0720900072201,南ノ入集会所,福島県相馬市尾浜字南ノ入4-21,1,,1,1,1,1,1,,,37.824641831253,140.96138818904,
1561,E0720900074201,角田公園,福島県相馬市北飯渕1-15-1,1,,,1,,1,,,,37.80289996989,140.93197435889,
1562,E0720900075201,北飯渕公園,福島県相馬市北飯渕2-11-1,1,,,1,,1,,,,37.805731270609,140.93496233973,
1563,E0720900076201,相馬総合高等学校,福島県相馬市北飯渕字阿弥陀堂200,1,,1,1,,1,1,,1,37.805779679565,140.93989445236,
1564,E0720900078201,道の駅そうま体験実習館,福島県相馬市立谷字立谷467,1,,,1,,1,1,,,37.760367011417,140.94720213027,
1565,E0720900079201,中村第二中学校,福島県相馬市和田字北迫185-13,1,,1,1,1,1,1,,1,37.817708125189,140.94564284928,
1566,E0732200001201,大玉村西部ふれあいセンター,福島県大玉村玉井字橋本139,1,1,,1,,1,1,1,1,37.540766230573,140.34921855005,
1567,E0732200004201,大玉村農村環境改善センター,福島県大玉村玉井字西庵183,1,1,,1,,1,1,1,1,37.535845232201,140.36493548968,
1568,E0732200012201,大玉村東部ふれあいセンター,福島県大玉村大山字田池55-1,1,1,,1,,1,1,1,1,37.544136262324,140.40383089756,
1569,E0732200013201,大玉村北部ふれあいセンター,福島県大玉村大山字藤ノ木82,1,1,,1,,1,1,1,1,37.556152585962,140.3835453992,
1570,E0754500002201,（株）東京エネシス　福島総合支社,福島県大熊町熊字錦台180-1,1,1,1,1,1,1,1,,1,37.386530363544,140.97257114955,
1571,E0754500004201,東京パワーテクノロジー（株）福島原子力事業所,福島県大熊町熊字錦台182-1,1,1,1,1,1,1,1,,1,37.387945,140.973563,
1572,E0736700015201,朝日小学校　校庭,福島県只見町黒谷字九日田230,1,1,,1,,1,1,,1,37.30363132298,139.36272788943,
1573,E0736700017201,只見中学校　校庭,福島県只見町黒谷字上野300,1,1,,1,,1,1,,1,37.302682139146,139.36322930177,
1574,E0736700021201,明和小学校　校庭,福島県只見町小林字上照岡1250,1,1,,1,,1,1,,,37.308926348948,139.45511133306,
1575,E0736700030201,只見小学校　校庭,福島県只見町只見字上ノ原1735-1,1,1,,1,,1,1,,1,37.351359090448,139.31794328151,
1576,E0736700033201,町下町民広場,福島県只見町只見字町下2591,,1,,1,,1,,,1,37.341761045882,139.313168244,
1577,E0748100003201,旧山岡小学校校庭,福島県棚倉町大字岡田字上ノ内92,1,1,,1,,1,1,,1,37.019972019078,140.43309367115,
1578,E0748100004201,近津幼稚園園庭,福島県棚倉町大字下山本字久保田11-1,1,1,,1,,1,1,,1,36.998922620689,140.39074778666,
1579,E0748100006201,近津小学校校庭,福島県棚倉町大字下山本字桃木田34,1,1,,1,,1,1,,1,36.998700035668,140.39167407849,
1580,E0748100010201,棚倉町運動広場,福島県棚倉町大字関口字一本松24-1,1,1,,1,,1,1,,1,37.034581823,140.3913974,
1581,E0748100012201,棚倉町文化センター駐車場,福島県棚倉町大字関口字一本松58,1,1,,1,,1,1,,1,37.036551985982,140.39946387684,
1582,E0748100013201,社川運動広場,福島県棚倉町大字逆川字向原28,1,1,,1,,1,1,,,37.0572643234,140.378794169,
1583,E0748100014201,社川小学校校庭,福島県棚倉町大字逆川字山梨子山19,1,1,,1,,1,1,,1,37.054877736328,140.37703499363,
1584,E0748100016201,社川幼稚園園庭,福島県棚倉町大字逆川字山梨子山7-6,1,1,,1,,1,1,,1,37.055058661745,140.37639926646,
1585,E0748100020201,金沢内運動広場,福島県棚倉町大字金沢内字中背戸続123,1,1,,1,,1,1,,,37.0569306844,140.353269209,
1586,E0748100023201,高野小学校校庭,福島県棚倉町大字山際字仙石103,1,,,1,,1,1,,1,37.020082159287,140.35112748684,
1587,E0748100036201,棚倉幼稚園園庭,福島県棚倉町大字棚倉字宮下138,1,1,,1,,1,1,,1,37.029562835611,140.3814896856,
1588,E0748100037201,城跡多目的広場,福島県棚倉町大字棚倉字古町99-4,1,1,,1,,1,1,,,37.03018602714,140.38698588039,
1589,E0748100038201,亀ヶ城公園,福島県棚倉町大字棚倉字城跡26-2,1,1,,1,,1,1,,,37.030081,140.385506,
1590,E0748100039201,棚倉中学校校庭,福島県棚倉町大字棚倉字城跡88-5,1,1,,1,,1,1,,1,37.028705502844,140.38312294169,
1591,E0748100041201,棚倉町役場駐車場,福島県棚倉町大字棚倉字中居野33,1,1,,1,,1,1,,1,37.030243620436,140.37977893944,
1592,E0748100044201,修明高等学校校庭,福島県棚倉町大字棚倉字東中居63,1,,,1,,1,1,,1,37.023127778964,140.38698911733,
1593,E0748100045201,旧棚倉高等学校校庭,福島県棚倉町大字棚倉字堂ノ前14,1,1,,1,,1,1,,,37.033716793906,140.37512002241,
1594,E0748100047201,棚倉保育園園庭,福島県棚倉町大字棚倉字南町54-1,1,1,,1,,1,1,,,37.026679,140.387938,
1595,E0748100050201,棚倉小学校校庭,福島県棚倉町大字棚倉字北町118-1,1,1,,1,,1,1,,1,37.031976269342,140.38762340079,
1596,E0748100054201,近津運動広場,福島県棚倉町大字八槻字上台200,1,1,,1,,1,1,,,36.9936065565,140.390540724,
1597,E0746500001201,滑津小学校,福島県中島村大字滑津字羽黒前1-1,1,1,,1,,1,,,1,37.15503073,140.3714047,
1598,E0746500002201,岡ノ内公民館,福島県中島村大字滑津字岡ノ内1-1,1,1,,1,,1,,,1,37.15922207,140.3735914,
1599,E0746500003201,元村コミニュティセンター,福島県中島村大字滑津字元村70-2,1,1,,1,,1,,,1,37.15306007,140.3654606,
1600,E0746500004201,特別養護老人ホーム　ひかりの里,福島県中島村大字滑津字宿浦10-1,1,1,,1,,1,,,1,37.152635,140.361449,
1601,E0746500005201,小針公民館,福島県中島村大字滑津字小針153,1,1,,1,,1,,,1,37.16588536,140.3771384,
1602,E0746500006201,中島中学校,福島県中島村大字滑津字中島西14,1,1,,1,,1,,,1,37.14858316,140.3509739,
1603,E0746500007201,生涯学習センター輝ら里,福島県中島村大字滑津字二ツ山28-10,1,1,,1,,1,,,1,37.14998149,140.3489924,
1604,E0746500008201,中島幼稚園,福島県中島村大字滑津字二ツ山28-2,1,1,,1,,1,,,1,37.15022619,140.3479711,
1605,E0746500010202,総合福祉センター,福島県中島村大字滑津字二ツ山65-3,1,1,,1,,1,,,1,37.15263887,140.3494786,
1606,E0746500010201,中島村保健センター,福島県中島村大字滑津字二ツ山65-3,1,1,,1,,1,,,1,37.153111,140.350056,
1607,E0746500011201,中島保育所,福島県中島村大字滑津字二ツ山65-4,1,1,,1,,1,,,1,37.152551,140.348608,
1608,E0746500012201,農村環境改善センター,福島県中島村大字滑津字二ツ山75-4,1,1,,1,,1,,,1,37.150894,140.346647,
1609,E0746500012202,中島村体育センター,福島県中島村大字滑津字二ツ山75-4,1,1,,1,,1,,,1,37.15091204,140.3462255,
1610,E0746500013201,迎久保公民館,福島県中島村大字吉岡字迎久保21-1,1,1,,1,,1,,,1,37.11981618,140.3572221,
1611,E0746500014201,大泉坊ふれあいセンター,福島県中島村大字吉岡字迎畑30-1,1,1,,1,,1,,,1,37.12237927,140.3623995,
1612,E0746500015201,町畑公民館,福島県中島村大字吉岡字町畑181,1,1,,1,,1,,,1,37.13096712,140.3633209,
1613,E0746500016201,松崎ふれあいセンター,福島県中島村大字松崎字高坊地1-1,1,1,,1,,1,,,1,37.16582908,140.3958552,
1614,E0746500017201,原山集会所,福島県中島村大字川原田字原山55,1,1,,1,,1,,,1,37.13280238,140.3394859,
1615,E0746500018201,川原田ふれあいセンター,福島県中島村大字川原田字上町31,1,1,,1,,1,,,1,37.12701872,140.3500059,
1616,E0746500019201,吉子川小学校,福島県中島村大字二子塚字家来10-2,1,1,,1,,1,,,1,37.1314393,140.3483187,
1617,E0746500020201,二子塚ふれあいセンター,福島県中島村大字二子塚字後山56-2,1,1,,1,,1,,,1,37.1362388,140.3483604,
1618,E0746500021201,浦原公民館,福島県中島村大字二子塚字入江50-2,1,1,,1,,1,,,1,37.14526357,140.3441338,
1619,E0740800001201,猪苗代町水防センター,福島県猪苗代町字下園1329-1,,,,1,,,,1,1,37.55662810221,140.12234031858,
1620,E0740800002201,県立猪苗代高校,福島県猪苗代町字窪南3664,1,1,,1,,,,1,1,37.563830400819,140.1119509988,
1621,E0740800003201,亀ケ城公園,福島県猪苗代町字古城跡7150-1,,,,1,,,,,,37.561782343332,140.103921863,
1622,E0740800004201,磐梯青少年交流の家,福島県猪苗代町字五輪原7136-1,,,,1,,,,1,1,37.565644395165,140.08239431386,
1623,E0740800005201,川上集会所,福島県猪苗代町字山ノ神原7082-2,,1,,,,,,,,37.640923176608,140.10100384595,
1624,E0740800006201,猪苗代町運動公園,福島県猪苗代町字上園1340-1,,,,1,,,,,,37.55712161635,140.12387749807,
1625,E0740800007201,猪苗代町農村環境改善センター,福島県猪苗代町字城南100,,,,1,,,,1,1,37.557206791601,140.10480219105,
1626,E0740800008201,猪苗代小学校,福島県猪苗代町字茶園5770,,,,1,,,,1,1,37.5639307,140.1033771,
1627,E0740800009201,猪苗代町体験交流館,福島県猪苗代町字鶴田141-1,,,,1,,,,1,1,37.562577203159,140.10072923722,
1628,E0740800010201,猪苗代町総合体育館,福島県猪苗代町字鶴田141-2,1,1,,1,,,,1,1,37.561340097088,140.10020968573,
1629,E0740800011201,千里地区コミュニティセンター,福島県猪苗代町千代田字前田甲312-1,,,,1,,,,1,1,37.547315233305,140.10753991767,
1630,E0740800012201,月輪地区コミュニティセンター,福島県猪苗代町大字金田字西川原380-3,,,,1,,,,1,1,37.517120363948,140.13172482079,
1631,E0740800013201,猪苗代町地域振興施設（道の駅猪苗代）,福島県猪苗代町大字堅田字五百苅1,,,,1,,,,1,1,37.537462,140.107309,
1632,E0740800014201,翁島地区コミュニティセンター,福島県猪苗代町大字三ツ和字家北906,1,1,,1,,,,1,1,37.53737387214,140.07212400141,
1633,E0740800014202,（旧）翁島小学校校庭,福島県猪苗代町大字三ツ和字家北906,1,1,,1,,,,1,1,37.538296310702,140.07237816976,
1634,E0740800015201,（旧）吾妻中学校校庭,福島県猪苗代町大字蚕養字下平乙613-53,,,,1,,,,,,37.601743846218,140.13598157029,
1635,E0740800016201,（旧）中の沢保育所,福島県猪苗代町大字蚕養字沼尻山甲2855-171,,,,1,,,,1,1,37.614633859325,140.20667137495,
1636,E0740800016202,中ノ沢運動場,福島県猪苗代町大字蚕養字沼尻山甲2855-171,,,,1,,,,,1,37.615390237417,140.20546974531,
1637,E0740800017201,猪苗代町老人福祉センター,福島県猪苗代町大字蚕養字沼尻山甲2855-173,1,1,,1,,,,1,1,37.61621304623,140.20446184666,
1638,E0740800017202,中ノ沢体育館,福島県猪苗代町大字蚕養字沼尻山甲2855-173,1,1,,1,,,,1,1,37.615830037996,140.20479114644,
1639,E0740800018201,樋ノ口多目的集会所,福島県猪苗代町大字蚕養字中島乙591-6,,,,1,,,,1,1,37.599919650512,140.13685676846,
1640,E0740800019201,（旧）吾妻小学校,福島県猪苗代町大字蚕養字中島乙592-3,,,,1,,,,1,1,37.601074,140.136105,
1641,E0740800020201,千里公園,福島県猪苗代町大字千代田字千代田1,,,,1,,,,,,37.549175387173,140.10469341197,
1642,E0740800021201,扇田公園,福島県猪苗代町大字千代田字扇田2-1,,,,1,,,,,,37.547033037999,140.10194400276,
1643,E0740800022201,猪苗代第二小学校（旧千里小学校）,福島県猪苗代町大字千代田字前田甲312-1,,,,1,,,,1,1,37.547659740148,140.10809513493,
1644,E0740800023201,猪苗代町地域福祉交流センター,福島県猪苗代町大字千代田字中島26-2,,,,1,,,,1,1,37.552521784788,140.10971564163,
1645,E0740800024201,猪苗代中学校校庭,福島県猪苗代町大字千代田字中島5,,,,1,,,,,,37.553350743888,140.10907744425,
1646,E0740800025201,さくらこども園,福島県猪苗代町大字川桁字寺道北60,1,1,,1,,,,1,1,37.540284162952,140.13917917387,
1647,E0740800026201,（旧）東中学校,福島県猪苗代町大字川桁字上川原2262-75,1,1,,1,,,,1,1,37.538266391015,140.1442633539,
1648,E0740800027201,川桁防災センター,福島県猪苗代町大字川桁字新町3601,,,,1,,,,1,1,37.536733879528,140.13634367018,
1649,E0740800028201,川桁体育館,福島県猪苗代町大字川桁字長町3480,1,1,,1,,,,1,1,37.537016,140.140221,
1650,E0740800029201,（旧）緑小学校,福島県猪苗代町大字中小松字狐川原甲1566-1,,,,1,,,,1,1,37.516318842128,140.13169985757,
1651,E0740800030201,（旧）長瀬小学校校庭,福島県猪苗代町大字八幡字山神374-2,,,,1,,,,1,,37.55738649067,140.13976636562,
1652,E0740800031201,ひまわりこども園,福島県猪苗代町大字磐里字大五百苅254-1,,,,1,,,,1,1,37.547686,140.100699,
1653,E0740800032201,中央緑地,福島県猪苗代町大字磐里字六角86-1,,,,1,,,,,,37.557154959094,140.10687390292,
1654,E0734400001201,沖内集会所,福島県天栄村大字沖内字沖田41,1,1,,1,,,,,1,37.240112583252,140.30670827227,
1655,E0734400002201,天栄村山村開発センター,福島県天栄村大字下松本字原畑61,1,1,,1,,,,,1,37.255974821233,140.24774652753,
1656,E0734400003201,天栄村生涯学習センター,福島県天栄村大字下松本字原畑66,1,1,,1,,,,,1,37.255068976646,140.2468229991,
1657,E0734400004201,天栄村体育館,福島県天栄村大字下松本字四十壇26,1,1,,1,,,,,1,37.2560857525,140.247100742,
1658,E0734400005201,天栄村屋内スポーツ運動場,福島県天栄村大字下松本字東田12,1,1,,1,,,,,1,37.255528406625,140.24579365711,
1659,E0734400007201,天栄村総合農村運動広場,福島県天栄村大字下松本字日向26,1,1,,1,,,,,,37.256613630354,140.24477427847,
1660,E0734400008201,下松本集落センター,福島県天栄村大字下松本字富久保75,1,,,1,,,,,1,37.255418887649,140.241450513,
1661,E0734400009201,高林生活改善センター,福島県天栄村大字高林字屋敷下16,,1,,1,,,,,1,37.237208372974,140.30232398899,
1662,E0734400010201,小川集会所,福島県天栄村大字小川字中田40-3,1,1,,1,,,,,1,37.2340036917,140.280630826,
1663,E0734400011201,上松本集会所,福島県天栄村大字上松本字観音前16,1,1,,1,,,,,1,37.258291205531,140.22695479919,
1664,E0734400012201,安養寺研修集会所,福島県天栄村大字大里字坂下11,1,1,,1,,,,,1,37.251454912557,140.19625862916,
1665,E0734400013201,沢邸集会所,福島県天栄村大字大里字森下130,1,1,,1,,,,,1,37.2287880103,140.243044276,
1666,E0734400014201,大里東部生活改善センター,福島県天栄村大字大里字深沢70-3,1,1,,1,,,,,1,37.2314471872,140.260612157,
1667,E0734400015201,大里中部集会所,福島県天栄村大字大里字町川15-10,1,1,,1,,,,,1,37.2397019142,140.247622756,
1668,E0734400016201,天栄村ふるさと公園,福島県天栄村大字大里字天房50-1,1,1,,1,,,,,,37.243391940214,140.24483918808,
1669,E0734400017201,南沢集会所,福島県天栄村大字大里字南沢161,1,,,1,,,,,1,37.2204736649,140.258129424,
1670,E0734400018201,天栄村立大里小学校体育館,福島県天栄村大字大里字畑田25,1,1,,1,,,,,1,37.236266054956,140.24842660271,
1671,E0734400019201,丸山集会所,福島県天栄村大字大里字竜田9,1,,,1,,,,,1,37.2431838554,140.230889812,
1672,E0734400021201,湯本地区防災センター,福島県天栄村大字田良尾字五倫林山1-2,1,1,,1,,,,,1,37.273283715944,140.02166781595,
1673,E0734400020201,天栄村立湯本中学校体育館,福島県天栄村大字田良尾字五倫林山10,1,1,,1,,,,,1,37.272392655127,140.0231208731,
1674,E0734400022201,大平集会所,福島県天栄村大字田良尾字持石54,1,1,,1,,,,,1,37.27770068113,140.06334135788,
1675,E0734400023202,天栄村羽鳥湖高原交流促進センター,福島県天栄村大字田良尾字芝草1-3352,1,1,,1,,,,,1,37.239847341397,140.06241462001,
1676,E0734400023201,天栄村イベント広場,福島県天栄村大字田良尾字芝草1-3352,1,1,,1,,,,,1,37.239723492597,140.06240378394,
1677,E0734400024201,天栄村立湯本小学校体育館,福島県天栄村大字田良尾字野仲36,1,1,,1,,,,,1,37.279404733208,140.00638824633,
1678,E0734400025201,下河内研修集会所,福島県天栄村大字湯本字下河内4-1,1,1,,1,,,,,1,37.272157974211,139.99986849369,
1679,E0734400026201,湯本集会所,福島県天栄村大字湯本字下原72,1,,,1,,,,,1,37.28103246747,139.9898566526,
1680,E0734400027201,天栄村高齢者コミュニティセンター,福島県天栄村大字湯本字関場1,1,1,,1,,,,,1,37.2794376824,140.003908139,
1681,E0734400028201,天栄村湯本体育館,福島県天栄村大字湯本字関場8,1,1,,1,,,,,1,37.279583540253,140.00438726098,
1682,E0734400029201,中屋敷集会所,福島県天栄村大字白子字氏神9-1,1,,,1,,,,,1,37.251334754576,140.26499075469,
1683,E0734400030201,天栄村立天栄中学校体育館,福島県天栄村大字白子字西原5,1,1,,1,,,,,1,37.258192190555,140.24893644107,
1684,E0734400031201,太多郎集会所,福島県天栄村大字白子字大木森146,1,1,,1,,,,,1,37.248271444696,140.27324867294,
1685,E0734400032201,今坂集会所,福島県天栄村大字白子字中田105-2,1,1,,1,,,,,1,37.253246271825,140.25365513968,
1686,E0734400033201,天栄村立広戸小学校体育館,福島県天栄村大字飯豊字新山28,1,1,,1,,,,,1,37.246990198205,140.28664062909,
1687,E0734400035201,飯豊集会所,福島県天栄村大字飯豊字西田1-3,1,1,,1,,,,,1,37.243878554478,140.28865646462,
1688,E0734400036201,大山集会所,福島県天栄村大字飯豊字大山6-172,1,1,,1,,,,,1,37.246512402168,140.2938858051,
1689,E0734400037201,児渡集会所,福島県天栄村大字牧之内字児渡49,,,,1,,,,,1,37.2630849662,140.19807525,
1690,E0734400038201,西郷集会所,福島県天栄村大字牧之内字滝田東35,1,,,1,,,,,1,37.279160514505,140.16954514904,
1691,E0734400039201,天栄村立牧本小学校体育館,福島県天栄村大字牧之内字文舎35,1,,,1,,,,,1,37.265582470275,140.19811025022,
1692,E0734400040201,中郷集会所,福島県天栄村大字牧之内字北藤川原8-2,,,,1,,,,,1,37.2687462943,140.181658458,
1693,E0721100001201,常葉公民館関本分館,福島県田村市常葉町関本字岡ノ内143,1,1,,1,,1,1,,1,37.418394526894,140.65254974753,
1694,E0721100002201,常葉公民館山根分館,福島県田村市常葉町山根字鹿島23,1,1,,1,,1,1,,1,37.452137392147,140.67780422249,
1695,E0721100003201,常葉中学校体育館,福島県田村市常葉町常葉字上野175,1,1,,1,,1,1,,1,37.44072169278,140.6433201378,
1696,E0721100004201,常葉保健センター,福島県田村市常葉町常葉字町裏1,1,1,,1,,1,1,,1,37.437512260879,140.6442080775,
1697,E0721100004203,文化の舘ときわ,福島県田村市常葉町常葉字町裏1,1,1,,1,,1,1,,1,37.43730035354,140.6442080775,
1698,E0721100004202,常葉公民館,福島県田村市常葉町常葉字町裏1,1,1,,1,,1,1,,1,37.437010710374,140.64374673754,
1699,E0721100005201,常葉老人福祉センター,福島県田村市常葉町常葉字備前作15,1,1,,1,,1,1,,1,37.442904165692,140.64553322474,
1700,E0721100006201,芦沢農業センター,福島県田村市船引町芦沢字霜田39,1,1,,1,,1,1,,1,37.40988,140.541249,
1701,E0721100007201,芦沢小学校体育館,福島県田村市船引町芦沢字大越293,1,1,,1,,1,1,,1,37.407122945413,140.53796327307,
1702,E0721100008201,旧今泉小学校体育館,福島県田村市船引町今泉字堀之内31,1,1,,1,,1,1,,1,37.42149596,140.6016297,
1703,E0721100009201,要田地区公民館,福島県田村市船引町笹山字立石604-1,1,1,,1,,1,1,,1,37.45526,140.526683,
1704,E0721100010201,旧移中学校体育館,福島県田村市船引町上移字橋本125,1,1,,1,,1,1,,1,37.51112385978,140.65125403075,
1705,E0721100011201,船引北部デイサービスセンター,福島県田村市船引町上移字後田172,1,1,,1,,1,1,,1,37.515215,140.652584,
1706,E0721100012201,緑小学校体育館,福島県田村市船引町上移字根岸10,1,1,,1,,1,1,,1,37.514269097639,140.64684527894,
1707,E0721100013201,移地区公民館,福島県田村市船引町上移字町147,1,1,,1,,1,1,,1,37.514541885255,140.65914173935,
1708,E0721100014201,瀬川地区公民館,福島県田村市船引町新舘字下459,1,1,,1,,1,1,,1,37.495717101702,140.5829203676,
1709,E0721100015201,瀬川小学校体育館,福島県田村市船引町新舘字軽井沢746,1,1,,1,,1,1,,1,37.493859470008,140.57918859444,
1710,E0721100016201,旧石森小学校体育館,福島県田村市船引町石森字舘108,1,1,,1,,1,1,,1,37.454207796465,140.55843799056,
1711,E0721100017201,田村市総合体育館,福島県田村市船引町船引字遠表400,1,1,,1,,1,1,,1,37.43831570153,140.60085157577,
1712,E0721100018201,船引保健センター,福島県田村市船引町船引字源次郎131,1,1,,1,,1,1,,1,37.452384,140.582985,
1713,E0721100019201,船引高等学校体育館,福島県田村市船引町船引字石崎15-3,1,1,,1,,1,1,,1,37.448441,140.580074,
1714,E0721100020201,船引高等学校第２体育館,福島県田村市船引町船引字石崎15-4,1,1,,1,,1,1,,,37.447766,140.579997,
1715,E0721100021201,船引高等学校生徒会館,福島県田村市船引町船引字石崎15-5,1,1,,1,,1,1,,,37.448272,140.579133,
1716,E0721100022201,船引総合福祉センター,福島県田村市船引町船引字石田151,1,1,,1,,1,1,,1,37.434092,140.56635,
1717,E0721100023201,船引中学校体育館,福島県田村市船引町東部台2-1,1,1,,1,,1,1,,1,37.442041075893,140.58065889984,
1718,E0721100024201,文珠地区公民館,福島県田村市船引町文珠字馬場平90,1,1,,1,,1,1,,1,37.450440016864,140.55787646469,
1719,E0721100025201,活性化施設北移南移コミュニティプラザ,福島県田村市船引町北移字大鹿田78-1,1,1,,1,,1,1,,1,37.510290505313,140.64042407058,
1720,E0721100026201,美山小学校体育館,福島県田村市船引町北鹿又字後和田30,1,1,,1,,1,1,,1,37.472834060021,140.58898207999,
1721,E0721100027201,船引南中学校体育館,福島県田村市船引町堀越字丸森70,1,1,,1,,1,1,,1,37.397598967353,140.57300098178,
1722,E0721100028201,旧門沢小学校体育館,福島県田村市船引町門沢字宮ノ平182,1,1,,1,,1,1,,1,37.387848186572,140.59229232793,
1723,E0721100029201,七郷地区公民館,福島県田村市船引町門沢字新舘117,1,1,,1,,1,1,,1,37.385715821499,140.58932800737,
1724,E0721100030202,つつじヶ丘運動公園管理棟,福島県田村市大越町下大越字大荷場1-2,1,1,,1,,1,1,,1,37.396674668561,140.64509780812,
1725,E0721100030201,ふれあい音楽館,福島県田村市大越町下大越字大荷場1-2,1,1,,1,,1,1,,1,37.39705,140.644367,
1726,E0721100031201,農村婦人の家,福島県田村市大越町下大越字中田88,1,1,,1,,1,1,,1,37.403470811567,140.6205167338,
1727,E0721100032201,大越転作技術研修センター,福島県田村市大越町栗出字東畑26,1,1,,1,,1,1,,1,37.358973006603,140.61746864686,
1728,E0721100033201,大越体育館,福島県田村市大越町上大越字元池175,1,1,,1,,1,1,,1,37.379263,140.632154,
1729,E0721100034201,高齢者生活福祉センターみどり荘,福島県田村市大越町上大越字古川49-2,1,1,,1,,1,1,,1,37.392080264243,140.62487239322,
1730,E0721100035201,おおごえふるさと館,福島県田村市大越町上大越字水神宮62-1,1,1,,1,,1,1,,1,37.375577094812,140.63542040793,
1731,E0721100035202,大越公民館,福島県田村市大越町上大越字水神宮62-1,1,1,,1,,1,1,,1,37.375523807786,140.63620361297,
1732,E0721100036201,老人憩いの家「寿楽荘」,福島県田村市大越町上大越字大日前34,1,1,,1,,1,1,,1,37.37252275432,140.65333992667,
1733,E0721100037201,早稲川多目的交流センター,福島県田村市大越町早稲川字前田26-3,1,1,,1,,1,1,,1,37.3807242236,140.66850025074,
1734,E0721100038201,牧野多目的交流センター,福島県田村市大越町牧野字太夫田71-3,1,1,,1,,1,1,,1,37.364235268101,140.60194937843,
1735,E0721100039201,滝根保健センター,福島県田村市滝根町広瀬字針湯33,1,1,,1,,1,1,,1,37.31321651223,140.65992334683,
1736,E0721100039202,天地人大学,福島県田村市滝根町広瀬字針湯33,1,1,,1,,1,1,,1,37.312875191271,140.66002392967,
1737,E0721100040201,滝根総合福祉センター,福島県田村市滝根町広瀬字針湯55,1,1,,1,,1,1,,1,37.312775992352,140.65930843236,
1738,E0721100041201,老人憩いの家「針湯荘」,福島県田村市滝根町広瀬字針湯62,1,1,,1,,1,1,,1,37.312460268669,140.65912067772,
1739,E0721100042201,滝根体育館,福島県田村市滝根町神俣字河原154,1,1,,1,,1,1,,1,37.325278,140.663568,
1740,E0721100043201,入水多目的集会所,福島県田村市滝根町菅谷字入水630,1,1,,1,,1,1,,1,37.354908946466,140.65525000117,
1741,E0721100044201,星の村ふれあい館,福島県田村市滝根町菅谷字馬場168,1,1,,1,,1,1,,1,37.354999473345,140.66132080205,
1742,E0721100045201,岩井沢体育館,福島県田村市都路町岩井沢字平蔵内181-1,1,1,,1,,1,1,,1,37.45868,140.73535,
1743,E0721100046201,古道体育館,福島県田村市都路町古道字遠下前56,1,1,,1,,1,1,,1,37.438597,140.793694,
1744,E0721100047201,都路保健センター,福島県田村市都路町古道字寺ノ前39,1,1,,1,,1,1,,1,37.434113871551,140.79469003674,
1745,E0721100048201,旧大久保小学校体育館,福島県田村市都路町古道字春日前56,1,1,,1,,1,1,,1,37.39512205,140.7992113,
1746,E0721100049201,都路小学校体育館,福島県田村市都路町古道字北町24,1,1,,1,,1,1,,1,37.43794102173,140.79323350007,
1747,E0721100050201,都路中学校体育館,福島県田村市都路町古道字北町4-6,1,1,,1,,1,1,,1,37.435998703922,140.79308329635,
1748,E0721100051201,都路公民館,福島県田村市都路町古道字本町33-4,1,1,,1,,1,1,,1,37.436136324293,140.79473851576,
1749,E0742200001201,湯川村笈川運動広場,福島県湯川村大字笈川字舘238,,,,1,,1,1,1,,37.572841188345,139.8865746394,
1750,E0742200002201,笈川小学校,福島県湯川村大字笈川字舘24,1,,,1,,1,1,1,1,37.573573,139.887518,
1751,E0742200003201,湯川中学校,福島県湯川村大字笈川字殿田37,1,,,1,,1,1,1,1,37.566629,139.886685,
1752,E0742200004201,湯川村中央運動広場,福島県湯川村大字笈川字殿田7,,,,1,,1,1,1,,37.56679536441,139.88789836888,
1753,E0742200005201,道の駅あいづ　湯川・会津坂下,福島県湯川村大字佐野目字五丁ノ目78-1,,,,1,,1,1,1,1,37.557292476085,139.86239766441,
1754,E0742200007201,湯川村運動広場,福島県湯川村大字三川字中台141,,,,1,,1,1,1,,37.569576925334,139.87413684221,
1755,E0742200008201,湯川村村営野球場,福島県湯川村大字三川字的場50,,,,1,,1,1,1,,37.569755505348,139.87331072183,
1756,E0742200009201,勝常小学校,福島県湯川村大字勝常字堂後827,1,,,1,,1,1,1,1,37.563574,139.871409,
1757,E0742200010201,ユースピアゆがわ,福島県湯川村大字清水田字川入1,1,,,1,,1,1,1,1,37.565605602747,139.88800042312,
1758,E0742200011201,湯川村体育館,福島県湯川村大字清水田字川入3,1,,,1,,1,1,1,1,37.564813150319,139.8882085115,
1759,E0742200012201,湯川村高齢者コミュニティセンター,福島県湯川村大字清水田字川入8,,,,1,,1,1,1,1,37.564501287889,139.88767065047,
1760,E0742200013201,湯川村保健センター,福島県湯川村大字清水田字川入9,,,,1,,1,1,1,1,37.564609878313,139.88740616396,
1761,E0742200014201,湯川村公民館,福島県湯川村大字清水田字長瀞17,1,,,1,,1,1,1,1,37.565615413733,139.88743686258,
1762,E0754200029201,旭ヶ丘地区集会所,福島県楢葉町大字井出字所布77-29,1,1,1,1,1,1,1,,,37.295073477818,140.97684367592,
1763,E0754200050201,浄光西地区集会所,福島県楢葉町大字井出字浄光西3-51,1,1,1,1,1,1,1,,,37.292843585773,140.99757256256,
1764,E0754200011201,向ノ内住宅地区集会所,福島県楢葉町大字井出字浄光東13-1,1,1,1,1,1,1,1,,,37.291486857613,140.99937836072,
1765,E0754200049201,有限会社ウインズトラベル本社,福島県楢葉町大字井出字浄光東27-7,1,1,1,1,1,1,1,,,37.292812074122,141.001639994,
1766,E0754200001201,下井出地区集会所,福島県楢葉町大字井出字前沢52-1,1,1,1,1,1,1,1,,,37.27330368,141.0129623,
1767,E0754200042201,大楽院,福島県楢葉町大字井出字谷地65,,,,,1,,,,,37.279526572743,141.00579578465,
1768,E0754200020201,萩平地区集会所,福島県楢葉町大字井出字萩平58-1,1,1,1,1,1,1,1,,,37.290291488685,140.99277999497,
1769,E0754200015201,上井出地区集会所,福島県楢葉町大字井出字木屋106,1,1,1,1,1,1,1,,,37.28163496,141.0005414,
1770,E0754200009201,竜田駅西側防災広場,福島県楢葉町大字井出字木屋126,1,1,1,1,1,1,1,,,37.282681576332,141.002588833791,
1771,E0754200034201,旧楢葉南幼稚園,福島県楢葉町大字下小塙字稲荷前56,1,1,1,1,1,1,1,,,37.265885274882,140.99688715953,
1772,E0754200035201,楢葉町地域活動拠点施設まざらっせ,福島県楢葉町大字下小塙字久保田63-3,1,1,1,1,1,1,1,,,37.26415630143,140.99836431905,
1773,E0754200022201,下小塙地区集会所,福島県楢葉町大字下小塙字久保田66,1,1,1,1,1,1,1,,,37.26431712,140.997903,
1774,E0754200030201,佐野地区集会所,福島県楢葉町大字下小塙字佐野98-1,1,1,1,1,1,1,1,,,37.260839573674,140.99576163254,
1775,E0754200038201,後沢住宅地区集会所,福島県楢葉町大字下小塙字上ノ原2-1,1,1,1,1,1,1,1,,,37.261164394918,140.99390708161,
1776,E0754200008201,楢葉小学校,福島県楢葉町大字下小塙字麦入31,1,1,1,1,1,1,1,,1,37.26610946,140.9977427,
1777,E0754200033201,一ツ屋住宅地区集会所,福島県楢葉町大字下小塙字府ノ内8-18,,1,1,1,1,1,,,,37.267337850581,140.99732374534,
1778,E0754200027201,下繁岡地区集会所,福島県楢葉町大字下繁岡字篠柄14-2,1,1,1,1,1,1,1,,,37.291160389476,141.00892994789,
1779,E0754200057201,下繁岡住宅団地広場,福島県楢葉町大字下繁岡字植松1-5,,,,,1,,,,,37.283375,141.01324,
1780,E0754200003201,山田岡地区集会所,福島県楢葉町大字山田岡字五里内7,1,1,1,1,1,1,1,,,37.258265674313,140.99860555582,
1781,E0754200017201,大坂地区集会所,福島県楢葉町大字山田岡字大坂61-10,1,,1,1,1,1,1,,,37.245036879505,140.96617956845,
1782,E0754200048201,道の駅ならは,福島県楢葉町大字山田岡字大堤入22-1,1,1,1,1,1,1,1,,1,37.249915648514,140.99763961219,
1783,E0754200002201,名古谷地区集会所,福島県楢葉町大字山田岡字名古谷51-5,1,1,1,1,1,1,1,,,37.257861520772,140.9937991086,
1784,E0754200041201,シウ神山住宅地区集会所,福島県楢葉町大字山田浜字シウ神山50-2,1,1,1,1,1,1,1,,,37.246484756504,141.01069771085,
1785,E0754200006201,山田浜地区集会所,福島県楢葉町大字山田浜字上ノ代27,1,1,1,1,1,1,1,,,37.250095668718,141.01089009021,
1786,E0754200016201,上小塙地区集会所,福島県楢葉町大字上小塙字宮平2-2,1,1,1,1,1,1,1,,,37.269552396403,140.9826371498,
1787,E0754200018201,女平地区集会所,福島県楢葉町大字上小塙字女平218-1,1,,1,1,1,1,1,,,37.27156818,140.9511974,
1788,E0754200007201,繁岡地区集会所,福島県楢葉町大字上繁岡字山神97-60,1,1,1,1,1,1,1,,,37.299732857437,140.9983917533,
1789,E0754200004201,上繁岡地区集会所,福島県楢葉町大字上繁岡字取上下214-3,1,1,1,1,1,1,1,,,37.310856795523,140.97539448346,
1790,E0754200005201,松館地区集会所,福島県楢葉町大字上繁岡字中平198-3,1,,1,1,1,1,1,,,37.30689258,140.9689751,
1791,E0754200013201,山所布地区集会所,福島県楢葉町大字上繫岡字所布22-8,1,,1,1,1,1,1,,,37.319599755859,140.91911791444,
1792,E0754200012201,前原地区集会所,福島県楢葉町大字前原字岡崎32-2,,1,,1,,1,1,,,37.266379788333,141.00529968796,
1793,E0754200024201,徳林寺,福島県楢葉町大字前原字寺後27,,,,,1,,,,,37.26229348,141.0018942,
1794,E0754200040201,乙次郎地区集会所,福島県楢葉町大字大谷字乙次郎133,1,1,1,1,1,1,1,,,37.281133939887,140.8985492,
1795,E0754200023201,大谷地区集会所,福島県楢葉町大字大谷字山根20-1,1,1,1,1,1,1,1,,,37.283375844417,140.98394509207,
1796,E0754200032202,ならはスカイアリーナ,福島県楢葉町大字大谷字上ノ原16,1,1,1,1,1,1,1,,1,37.284647104546,140.98812376635,
1797,E0754200045201,楢葉町総合グラウンド,福島県楢葉町大字大谷字上ノ原73-17,1,1,1,1,1,1,1,,,37.285253751615,140.9891450274,
1798,E0754200026201,営団地区集会所,福島県楢葉町大字波倉字原135-28,1,1,1,1,1,1,1,,,37.297796501464,141.01458638525,
1799,E0754200014201,波倉地区集会所,福島県楢葉町大字波倉字原164-1,1,1,1,1,1,1,1,,,37.298184013926,141.01943875561,
1800,E0754200025201,旧ぼらぐち商店,福島県楢葉町大字波倉字小浜作5,,,,,1,,,,,37.314657272972,141.00771032566,
1801,E0754200021201,楢葉中学校,福島県楢葉町大字北田字鐘突堂2-1,1,1,1,1,1,1,1,,1,37.283746632731,140.9943547368,
1802,E0754200021202,楢葉中学校武道館,福島県楢葉町大字北田字鐘突堂2-1,1,1,1,1,1,1,1,,1,37.283551718326,140.99479821534,
1803,E0754200039201,鐘突堂地区集会所,福島県楢葉町大字北田字鐘突堂4-16,1,1,1,1,1,1,1,,,37.282988077285,140.99578589815,
1804,E0754200037201,楢葉町コミュニティセンター,福島県楢葉町大字北田字鐘突堂5-4,1,1,1,1,1,1,1,,1,37.282167347041,140.99339366687,
1805,E0754200028201,楢葉町保健福祉会館,福島県楢葉町大字北田字鐘突堂5-5,1,1,1,1,1,1,1,,1,37.283695369985,140.99293232692,
1806,E0754200028202,楢葉町公民館,福島県楢葉町大字北田字鐘突堂5-5,1,1,1,1,1,1,1,,1,37.283255746451,140.99311471713,
1807,E0754200052201,楢葉町サイクリングターミナル,福島県楢葉町大字北田字上ノ原27-29,1,1,1,1,1,1,1,,,37.268860050467,141.01421565965,
1808,E0754200010201,北田地区集会所,福島県楢葉町大字北田字中川原23-1,,1,,1,,1,,,,37.273325084743,140.99845261349,
1809,E0754200019201,中満南住宅地区集会所,福島県楢葉町大字北田字中満272-1,,1,1,1,1,1,,,,37.278569127274,140.99852584636,
1810,E0754200036201,あおぞらこども園,福島県楢葉町大字北田字中満296-1,,1,1,1,1,1,,,1,37.276545719742,140.99705455953,
1811,E0736800014201,田島農村環境改善センター,福島県南会津町関本字百一560-2,1,1,,1,,1,1,,1,37.152412976842,139.73544866977,
1812,E0736800024201,伊南会館,福島県南会津町古町字舘後998,1,1,,1,,1,1,,,37.176130689198,139.52550952752,
1813,E0736800037201,南郷体育館,福島県南会津町山口字村上1074,1,1,,1,,1,1,,1,37.223804,139.538571,
1814,E0736800038201,南郷総合センター,福島県南会津町山口字村上842,1,1,,1,,1,1,,1,37.223429340084,139.53882136327,
1815,E0736800051201,舘岩会館,福島県南会津町松戸原55,1,1,,1,,1,1,,1,37.092661209637,139.53269049709,
1816,E0736800054201,旧針生小学校,福島県南会津町針生字下宮238,1,1,,1,,1,1,,1,37.189382961893,139.65844688233,
1817,E0736800074201,駅前広場,福島県南会津町滝原字夏井地内,1,,,1,,1,1,,,37.089371526774,139.70340580056,
1818,E0736800083201,弁天山憩の広場,福島県南会津町田島字横町地内,1,,,1,,1,1,,,37.2013101993383,139.783410893317,
1819,E0736800085201,山神社広場,福島県南会津町田島字横林地内,1,,,1,,1,1,,,37.199298730619,139.78589998328,
1820,E0736800087201,御蔵入交流館,福島県南会津町田島字宮本東22,1,1,,1,,1,1,,1,37.2063225922,139.780067,
1821,E0736800089201,田島体育館,福島県南会津町田島字後原甲3586-1,1,1,,1,,1,1,,1,37.195719,139.773843,
1822,E0736800090201,県公舎前駐車場,福島県南会津町田島字後原甲3705-1,1,1,,1,,1,1,,,37.200237645905,139.77556286246,
1823,E0736800091201,駅前広場,福島県南会津町田島字後町甲3973-1,1,1,,1,,1,1,,,37.202892702279,139.77401737641,
1824,E0736800097201,県立田島高等学校,福島県南会津町田島字田部原260,1,1,,1,,1,1,,1,37.206887586674,139.80246202742,
1825,E0736800098201,ヰセキ・リオンドール駐車場,福島県南会津町田島字東荒井80,1,1,,1,,1,1,,,37.203343817941,139.78325146953,
1826,E0721200005201,ＪＡふくしま未来やすらぎ会館駐車場,福島県南相馬市原町区下北高平字北山１８６－５外,,,,,1,,,,,37.661815431802,140.98822512158,
1827,E0721200045201,北泉海浜総合公園わんぱく広場,福島県南相馬市原町区北泉字地蔵堂外,,,,,1,,,,,37.654949441886,141.01383581549,
1828,E0721200050201,宮田公園,福島県南相馬市鹿島区烏崎字宮田地内,,,,,1,,,,,37.674493172277,141.01062889225,
1829,E0721200051201,鹿島カントリー倶楽部駐車場,福島県南相馬市鹿島区塩崎字蛇沼31,,,,,1,,,,,37.678595841826,140.94776369461,
1830,E0721200067201,南柚木公会堂駐車場,福島県南相馬市鹿島区南柚木字水神下42,,,,,1,,,,,37.730779395231,140.96845333589,
1831,E0721200068201,クラップかしま駐車場,福島県南相馬市鹿島区南柚木字八久々沢42,,,,,1,,,,,37.730200924493,140.95423799224,
1832,E0721200071201,宝蔵寺駐車場,福島県南相馬市鹿島区北海老字北畑20,,,,,1,,,,,37.708720868191,140.99544063935,
1833,E0721200072201,浦尻公会堂駐車場,福島県南相馬市小高区浦尻字北原72-1,,,,,1,,,,,37.517870956466,141.03234282701,
1834,E0721200073201,水谷建設小高研修センター駐車場,福島県南相馬市小高区角部内字雁北30,,,,,1,,,,,37.543791410939,141.02231077127,
1835,E0721200077201,貴布根神社,福島県南相馬市小高区村上字舘内地内,,,,,1,,,,,37.554707389862,141.02649732469,
1836,E0721200078201,大井会場,福島県南相馬市小高区大井字東平5-1,,,,,1,,,,,37.568325947463,141.00719762979,
1837,E0721200079201,塚原共同墓地,福島県南相馬市小高区塚原字諏訪原地内,,,,,1,,,,,37.574761193188,141.02106076611,
1838,E0721000002201,安達ヶ原ふるさと村,福島県二本松市安達ヶ原4-100,,1,,1,,1,,,1,37.595728711997,140.46560194052,
1839,E0721000098201,安達ヶ原公園,福島県二本松市安達ヶ原4-147-2,1,1,,1,,1,,,,37.594157,140.467013,
1840,E0721000003201,永田農村広場,福島県二本松市永田6-513-2,1,1,,1,,1,,,,37.601658980356,140.38724034694,
1841,E0721000005201,二本松文化センター,福島県二本松市榎戸1-92,1,1,,1,,1,,,,37.593556295935,140.4491829247,
1842,E0721000006201,塩沢小学校,福島県二本松市塩沢町1-238-1,1,1,,1,,1,,,1,37.614693,140.426634,
1843,E0721000007201,二本松第二中学校,福島県二本松市沖3-301-1,1,1,,1,,1,,,1,37.568588,140.466631,
1844,E0721000008201,道の駅安達（上り）,福島県二本松市下川崎字上平33-1,1,1,,1,,1,,,,37.635627075338,140.48367928675,
1845,E0721000009201,下川崎住民センター,福島県二本松市下川崎字大中地66,1,1,,1,,1,,,1,37.628593,140.510985,
1846,E0721000011201,二本松北小学校,福島県二本松市郭内1-1,1,1,,1,,1,,,1,37.596917,140.434967,
1847,E0721000012201,郭内公園,福島県二本松市郭内2-17,1,1,,1,,1,,,,37.602531372189,140.43707533725,
1848,E0721000013201,にほんまつ保育園,福島県二本松市郭内2-276-1,1,1,,1,,1,,,,37.599612163996,140.43743266273,
1849,E0721000015201,二本松第一中学校,福島県二本松市郭内2-56-1,1,1,,1,,1,,,1,37.601917,140.440244,
1850,E0721000016201,霞ヶ城公園,福島県二本松市郭内3-78,1,1,,1,,1,,,,37.597507669204,140.43059512026,
1851,E0721000017201,安達太良小学校,福島県二本松市岳温泉1-177-1,1,1,,1,,1,,,1,37.606081,140.353585,
1852,E0721000018201,岳公園,福島県二本松市岳温泉2-26-2,1,,,1,,1,,,,37.599536988026,140.36088850059,
1853,E0721000019201,二本松南小学校,福島県二本松市亀谷2-123,1,1,,1,,1,,,1,37.594418,140.446077,
1854,E0721000020201,二本松市役所,福島県二本松市金色403-1,1,1,,1,,1,,,1,37.584753403054,140.4311904881,
1855,E0721000021201,金色公園,福島県二本松市金色428-1,1,,,1,,1,,,,37.586559439385,140.42968102494,
1856,E0721000022201,原瀬小学校,福島県二本松市原セ才木380,1,1,,1,,1,,,1,37.585251,140.384972,
1857,E0721000023201,原瀬考古資料室跡地,福島県二本松市原セ日照田225,1,1,,1,,1,,,,37.5827943363,140.39037498951,
1858,E0721000024201,原セ農村広場,福島県二本松市原セ日照田7,1,1,,1,,1,,,,37.589852216596,140.39244297043,
1859,E0721000025201,戸沢住民センター,福島県二本松市戸沢字下田100,1,1,,1,,1,,,1,37.569652456819,140.57853726777,
1860,E0721000026201,向原公園,福島県二本松市向原272-1,1,1,,1,,1,,,,37.584791198491,140.42736868781,
1861,E0721000027201,愛宕山公園,福島県二本松市根崎1-298-1,1,1,,1,,1,,,,37.596224767252,140.44937823607,
1862,E0721000028201,岳下住民センター,福島県二本松市三保内72-1,1,1,,1,,1,,,1,37.588318,140.4178,
1863,E0721000029201,杉田農村広場,福島県二本松市七ッ段128,1,1,,1,,1,,,,37.555454794988,140.4278704491,
1864,E0721000030201,若宮公園,福島県二本松市若宮2-160,1,1,,1,,1,,,,37.588286622911,140.42751723501,
1865,E0721000032201,安達野球場,福島県二本松市渋川字上払川157,1,1,,1,,1,,,,37.631224634204,140.46432275893,
1866,E0721000033201,渋川住民センター,福島県二本松市渋川字上払川96-1,1,1,,1,,1,,,1,37.632275,140.464166,
1867,E0721000034201,渋川小学校,福島県二本松市渋川字神明森27,1,1,,1,,1,,,1,37.634691,140.462185,
1868,E0721000035201,初森グラウンド,福島県二本松市初森字十文字44-1,1,1,,1,,1,,,,37.51629486533,140.52499433146,
1869,E0721000036201,石井小学校,福島県二本松市小高内3,1,1,,1,,1,,,1,37.562846145093,140.45983496679,
1870,E0721000037201,小浜小学校,福島県二本松市小浜字藤町100,1,,,1,,1,,,1,37.561089,140.51246,
1871,E0721000038201,小浜中学校,福島県二本松市小浜字反町411,1,1,,1,,1,,,1,37.553312,140.504684,
1872,E0721000040201,岩代運動場,福島県二本松市小浜字芳池2,1,1,,1,,1,,,,37.556662290535,140.51232021366,
1873,E0721000041201,岩代支所,福島県二本松市小浜字北月山27,1,,,1,,1,,,,37.562077597689,140.50932452811,
1874,E0721000042201,松岡児童遊園,福島県二本松市松岡47,1,1,,1,,1,,,,37.593025119852,140.43069210529,
1875,E0721000043201,上川崎住民センター,福島県二本松市上川崎字宮ノ脇7-3,1,1,,1,,1,,,1,37.612067,140.488008,
1876,E0721000044201,川崎小学校,福島県二本松市上川崎字上種田1,1,1,,1,,1,,,1,37.61025,140.491349,
1877,E0721000048201,あだたら高原野営場,福島県二本松市上葉木坂3-2,1,1,,1,,1,,,,37.620968828331,140.37292807964,
1878,E0721000049201,東和文化センター,福島県二本松市針道字上台132,1,1,,1,,1,,,1,37.598251,140.5802,
1879,E0721000050201,東和支所,福島県二本松市針道字蔵下22,1,1,,1,,1,,,1,37.597363290828,140.5811189505,
1880,E0721000052201,すぱーく東和,福島県二本松市針道字蔵下23-4,1,1,,1,,1,,,,37.597382892995,140.57976217918,
1881,E0721000053201,東和中学校,福島県二本松市針道字大町西1,1,1,,1,,1,,,1,37.591087,140.571065,
1882,E0721000054201,カントリーパークとうわ,福島県二本松市針道字大町西2,1,1,,1,,1,,,,37.592605377311,140.57129176311,
1883,E0721000055201,東和小学校,福島県二本松市針道字大町西46,1,1,,1,,1,,,1,37.5900266127,140.56849875,
1884,E0721000056201,新殿運動場,福島県二本松市杉沢字山田155-3,1,1,,1,,1,,,,37.515501356946,140.56925969265,
1885,E0721000057201,成田公園,福島県二本松市成田字大木99-1,1,1,,1,,1,,,,37.535991558448,140.49228947673,
1886,E0721000060201,岩代中学校,福島県二本松市西新殿字一本木188,1,1,,1,,1,,,1,37.526927,140.563847,
1887,E0721000061201,新殿小学校,福島県二本松市西新殿字永作10,1,1,,1,,1,,,1,37.534149,140.563013,
1888,E0721000063201,杉田住民センター,福島県二本松市西町223-1,1,1,,1,,1,,,1,37.560522,140.412104,
1889,E0721000064201,大平住民センター,福島県二本松市太子堂282,1,1,,1,,1,,,1,37.578562,140.474042,
1890,E0721000065201,大平農村広場,福島県二本松市太子堂327,1,1,,1,,1,,,,37.574688652809,140.47487259244,
1891,E0721000100201,道の駅ふくしま東和,福島県二本松市太田字下田2-3,1,1,,1,,1,,,,37.569944,140.577836,
1892,E0721000066201,太田住民センター,福島県二本松市太田字堺田47-1,1,1,,1,,1,,,1,37.594276,140.540693,
1893,E0721000068201,二本松第三中学校,福島県二本松市大作165,1,1,,1,,1,,,1,37.57192,140.411359,
1894,E0721000069201,岳下小学校,福島県二本松市大壇175-1,1,1,,1,,1,,,1,37.586085,140.423302,
1895,E0721000070201,大平小学校,福島県二本松市竹ノ内22-1,1,1,,1,,1,,,1,37.580332,140.475634,
1896,E0721000071201,茶園児童遊園,福島県二本松市茶園1-31-1,1,1,,1,,1,,,,37.588357736878,140.43738405627,
1897,E0721000072201,塩沢農村広場,福島県二本松市中ノ目100,1,1,,1,,1,,,,37.623413962498,140.42031954683,
1898,E0721000073201,杉田小学校,福島県二本松市中江195-1,1,1,,1,,1,,,1,37.561409,140.416314,
1899,E0721000074201,公設地方卸売市場,福島県二本松市中里67-1,1,1,,1,,1,,,,37.578846590402,140.42467911885,
1900,E0721000075201,旭小学校,福島県二本松市田沢字鳥上44,1,,,1,,1,,,1,37.548307,140.634509,
1901,E0721000076201,道の駅さくらの郷,福島県二本松市東新殿字平石田12-2,1,1,,1,,1,,,,37.5346336175,140.59011118552,
1902,E0721000078201,旭運動場,福島県二本松市百目木字鹿畑16,1,1,,1,,1,,,,37.529084274578,140.61512407326,
1903,E0721000079201,表西公園,福島県二本松市表2-901,1,1,,1,,1,,,,37.60552,140.437462,
1904,E0721000081201,石井運動広場,福島県二本松市平石町564-2,1,1,,1,,1,,,,37.557223167399,140.46376169267,
1905,E0721000099201,道の駅安達（下り）,福島県二本松市米沢字下川原田105-2,1,1,,1,,1,,,,37.636101,140.481934,
1906,E0721000082201,真弓ひろば,福島県二本松市本町2-144,1,,,1,,1,,,,37.590750076486,140.43893185347,
1907,E0721000083201,二本松市市民交流センター,福島県二本松市本町2-3-1,1,1,,1,,1,,,1,37.589733519423,140.4338312266,
1908,E0721000084201,箕輪集会所,福島県二本松市箕輪2-22-1,1,,,1,,1,,,,37.56734999795,140.38219422436,
1909,E0721000085201,水舟運動場,福島県二本松市木幡字四方北304-1,1,1,,1,,1,,,,37.639357408249,140.54842133527,
1910,E0721000086201,ウッディハウスとうわ,福島県二本松市木幡字東和代34-1,1,1,,1,,1,,,1,37.630623439783,140.52618962763,
1911,E0721000087201,木幡住民センター,福島県二本松市木幡字叺内65,1,1,,1,,1,,,1,37.619894816181,140.55697089429,
1912,E0721000090201,安達運動場,福島県二本松市油井字石倉107,1,1,,1,,1,,,,37.617541439705,140.45528103235,
1913,E0721000091201,油井小学校,福島県二本松市油井字台5,1,1,,1,,1,,,1,37.605806,140.457742,
1914,E0721000093201,安達中学校,福島県二本松市油井字田向100,1,1,,1,,1,,,1,37.617393,140.465087,
1915,E0721000094201,安達支所,福島県二本松市油井字濡石1-2,1,1,,1,,1,,,,37.607593926208,140.46102691683,
1916,E0721000096201,安達太良カントリークラブ,福島県二本松市雄平台15,1,1,,1,,1,,,,37.575732518133,140.36056002428,
1917,E0721000097201,地域文化伝承館,福島県二本松市鈴石町361-1,1,1,,1,,1,,,,37.549229787963,140.46829683041,
1918,E0720500001201,みさか小学校体育館,福島県白河市みさか2-120,1,1,,1,,1,1,1,1,37.11151571721,140.18689222338,
1919,E0720500002201,みさかコミュニティセンター,福島県白河市みさか2-90,1,1,,1,,1,1,1,,37.105500150088,140.19090217994,
1920,E0720500003201,愛宕町会館,福島県白河市愛宕町20-2,1,1,,1,,1,1,1,,37.127769274984,140.21013784781,
1921,E0720500004201,旭町集会所,福島県白河市旭町1-164,1,1,,1,,1,1,1,,37.121636747713,140.22534613254,
1922,E0720500005201,白河旭高等学校体育館,福島県白河市旭町1-3,,1,,1,,1,1,1,1,37.120880281349,140.22285985037,
1923,E0720500006201,鍛冶町自治会館,福島県白河市旭町1-40-2,,1,,1,,1,1,1,,37.122328420122,140.22265784855,
1924,E0720500007201,南湖ニュータウン集会所,福島県白河市影鬼越30-208,1,1,,1,,1,1,1,,37.103463854727,140.20505661041,
1925,E0720500008201,白河文化交流館コミネス,福島県白河市会津町1-17,1,1,,1,,1,1,1,,37.130439160133,140.20915158064,
1926,E0720500235201,白河文化交流館コミネス駐車場,福島県白河市会津町1-3,1,1,,1,,1,1,1,,37.130216,140.210159,
1927,E0720500009201,さくら保育園,福島県白河市会津町24-7,1,1,,1,,1,1,1,,37.132045149,140.2059809364,
1928,E0720500010201,会津町集会所,福島県白河市会津町36-34,,1,,1,,1,1,1,,37.132667636658,140.20966070658,
1929,E0720500011201,丸の内会館,福島県白河市郭内1-169,1,1,,1,,1,1,1,,37.130420133145,140.21494936869,
1930,E0720500236201,城山公園,福島県白河市郭内1-181,1,1,,1,,1,1,1,,37.132166,140.213264,
1931,E0720500013201,萱根集会所,福島県白河市萱根新小萱34-4,1,1,,1,,1,1,1,,37.14227430204,140.23935046863,
1932,E0720500014201,東部ニュータウン集会所,福島県白河市萱根鳥子山7-36,1,1,,1,,1,1,1,,37.145436830098,140.24485275435,
1933,E0720500015201,寺小路集会所,福島県白河市関川窪67-1,1,1,,1,,1,1,1,,37.116590761561,140.22129402339,
1934,E0720500016201,関川窪第二集会所,福島県白河市関川窪88,1,1,,1,,1,1,1,,37.117515917239,140.22281531041,
1935,E0720500018201,二枚橋集会所,福島県白河市関辺松並1-4,1,1,,1,,1,1,1,,37.088623840167,140.2498249615,
1936,E0720500019201,関辺小学校体育館,福島県白河市関辺松並26,1,1,,1,,1,1,1,1,37.092816482453,140.25037387755,
1937,E0720500020201,関辺行政センター,福島県白河市関辺松並32-1,1,1,,1,,1,1,1,,37.092357672416,140.25179939279,
1938,E0720500021201,上ノ原集会所,福島県白河市関辺上ノ原26-1,1,1,,1,,1,1,1,,37.09833356624,140.24220811911,
1939,E0720500022201,新郷渡集会所,福島県白河市関辺中道上4-1,1,1,,1,,1,1,1,,37.090706988844,140.2547934741,
1940,E0720500023201,郷渡集会所,福島県白河市関辺油久保66-2,1,1,,1,,1,1,1,,37.081110268994,140.26642014099,
1941,E0720500024201,大木集会所,福島県白河市旗宿ニ丸沢155-1,1,,,1,,1,1,1,,37.036771309289,140.21914710424,
1942,E0720500025201,旗宿コミュニティセンター,福島県白河市旗宿町尻105-1,,1,,1,,1,1,1,,37.053310869719,140.23181715483,
1943,E0720500026201,関の森公園白河都市農村交流センター,福島県白河市旗宿白河内13-1,1,,,1,,1,1,1,,37.045598280871,140.23044238969,
1944,E0720500027201,和平集会所,福島県白河市旗宿和平39-2,1,1,,1,,1,1,1,,37.049187506765,140.21418509922,
1945,E0720500028201,松風の里集会所,福島県白河市鬼越77-1,1,1,,1,,1,1,1,,37.109805187,140.20863745442,
1946,E0720500029201,久田野集会所,福島県白河市久田野66-2,1,1,,1,,1,1,1,,37.133688665973,140.2644860004,
1947,E0720500030201,大沼行政センター,福島県白河市久田野城内31,1,1,,1,,1,1,1,,37.133783963624,140.25856774415,
1948,E0720500031201,大沼市民体育館,福島県白河市久田野城内32,1,1,,1,,1,1,1,,37.133604343487,140.25919538107,
1949,E0720500033201,白河第四小学校体育館,福島県白河市久田野豆柄山3,1,1,,1,,1,1,1,,37.126255807758,140.25936977387,
1950,E0720500034201,金勝寺集会所,福島県白河市金勝寺東171-5,,1,,1,,1,1,1,,37.136262911435,140.20824605257,
1951,E0720500035201,九番町自治会館,福島県白河市九番町西裏1-12,1,1,,1,,1,1,1,,37.118138968991,140.20498272525,
1952,E0720500036201,緑ヶ丘集会所,福島県白河市古高山1-243,1,1,,1,,1,1,1,,37.112771125164,140.19125548088,
1953,E0720500037201,向寺集会所,福島県白河市向寺92,1,1,,1,,1,1,1,,37.135878321204,140.22271402465,
1954,E0720500038201,武道館,福島県白河市向新蔵125-2,1,1,,1,,1,1,1,,37.1221402527,140.210777232,
1955,E0720500039201,金屋町自治会館,福島県白河市宰領町37-5,1,1,,1,,1,1,1,,37.126439396897,140.20783832921,
1956,E0720500040201,桜町集会所,福島県白河市桜町33-1,1,1,,1,,1,1,1,,37.124094719051,140.22267451315,
1957,E0720500041201,三番町会館,福島県白河市三番町23-10,,1,,1,,1,1,1,,37.12407206453,140.20379220379,
1958,E0720500042201,大町会館,福島県白河市三番町53,,1,,1,,1,1,1,,37.125890789376,140.20461623367,
1959,E0720500043201,田町集会所,福島県白河市士多町11-1,,1,,1,,1,1,1,,37.130438043258,140.2224568233,
1960,E0720500044201,白河第三小学校体育館,福島県白河市寺小路64-2,,1,,1,,1,1,1,1,37.12337372561,140.22008844848,
1961,E0720500045201,七番町集会所,福島県白河市七番町4-6,1,1,,1,,1,1,1,,37.120545306027,140.20437122074,
1962,E0720500046201,馬町・栄町自治会館,福島県白河市蛇石77-1,1,,,1,,1,1,1,,37.119500790546,140.21639488701,
1963,E0720500047201,借宿集会所,福島県白河市借宿株木20,1,1,,1,,1,1,1,,37.11914121638,140.2948842327,
1964,E0720500048201,細倉集会所,福島県白河市借宿鶴ケ岡4-5,1,1,,1,,1,1,1,,37.116451053073,140.30613097324,
1965,E0720500049201,舟田集会所,福島県白河市舟田9-1,1,1,,1,,1,1,1,,37.122602123591,140.27778482348,
1966,E0720500050201,女石集会所,福島県白河市女石70-1,1,1,,1,,1,1,1,,37.137499321192,140.22521316689,
1967,E0720500051201,広谷地集会所,福島県白河市小田川牛清水69-7,1,1,,1,,1,1,1,,37.166198872755,140.22322525677,
1968,E0720500052201,芳賀須内集会所,福島県白河市小田川欠下25-1,1,,,1,,1,1,1,,37.166435487155,140.24256120817,
1969,E0720500053201,小田川集会所,福島県白河市小田川小田ノ里111-1,1,1,,1,,1,1,1,,37.158773542745,140.26133274045,
1970,E0720500054201,昭和町集会所,福島県白河市昭和町119-2,1,1,,1,,1,1,1,,37.132095811389,140.2007015104,
1971,E0720500055201,白河第一小学校体育館,福島県白河市菖蒲沢41-1,1,,,1,,1,1,1,,37.120215547863,140.21103612078,
1972,E0720500056201,十文字集会所,福島県白河市上ノ原2-18,1,1,,1,,1,1,1,,37.10043284208,140.22576972732,
1973,E0720500058201,新蔵町集会所,福島県白河市新蔵町15-1,,1,,1,,1,1,1,,37.126034564053,140.21503580947,
1974,E0720500059201,みのり保育園,福島県白河市新白河2-162,1,1,,1,,1,1,1,,37.121219322523,140.19576265372,
1975,E0720500060201,高山コミュニティセンター,福島県白河市新白河2-212,,1,,1,,1,1,1,,37.122786975284,140.19103029538,
1976,E0720500061201,真舟集会所,福島県白河市真舟2-6,,1,,1,,1,1,1,,37.129950957854,140.19039527314,
1977,E0720500062201,白河実業高等学校体育館,福島県白河市瀬戸原6-1,1,1,,1,,1,1,1,1,37.102407888388,140.22646873881,
1978,E0720500063201,西三坂集会所,福島県白河市西三坂13-16,1,1,,1,,1,1,1,,37.103666299125,140.1965835915,
1979,E0720500064201,石切場集会所,福島県白河市石切場54-2,,1,,1,,1,1,1,,37.119475820508,140.20076912806,
1980,E0720500065201,小田川行政センター,福島県白河市泉田大久保88,1,1,,1,,1,1,1,,37.154005799836,140.24660492861,
1981,E0720500066201,泉田自治会館,福島県白河市泉田池ノ上234,1,1,,1,,1,1,1,,37.152270480644,140.24723724678,
1982,E0720500067201,小田川小学校体育館,福島県白河市泉田池ノ上239,1,1,,1,,1,1,1,1,37.153426107198,140.24864369124,
1983,E0720500068201,東北中学校体育館,福島県白河市泉田南之内1,1,1,,1,,1,1,1,1,37.143037713621,140.25524279599,
1984,E0720500069201,双石集会所,福島県白河市双石前ノ内45,1,1,,1,,1,1,1,,37.111929121705,140.25892011032,
1985,E0720500070201,大工町集会所,福島県白河市袋町9,,1,,1,,1,1,1,,37.126358646866,140.21303103501,
1986,E0720500071201,芦ノ口集会所,福島県白河市大芦ノ口入山8-2,1,1,,1,,1,1,1,,37.133770633756,140.28933077768,
1987,E0720500072201,久保集会所,福島県白河市大久保前8,1,1,,1,,1,1,1,,37.123618423599,140.25345715758,
1988,E0720500073201,桜岡集会所,福島県白河市大山崎26-2,1,1,,1,,1,1,1,,37.130873157679,140.24592260084,
1989,E0720500074201,鹿島集会所,福島県白河市大鹿島39-1,,1,,1,,1,1,1,,37.122664558935,140.23586500985,
1990,E0720500075201,中町町内会館,福島県白河市大手町3-11,1,1,,1,,1,1,1,,37.128821172153,140.21485166726,
1991,E0720500076201,宮大集会所,福島県白河市大信下小屋字宮沢119-2,1,,,1,,1,1,1,,37.215764982731,140.22816350799,
1992,E0720500078201,西樋集会所,福島県白河市大信下小屋字西宿前190-1,1,,,1,,1,1,1,,37.216519647871,140.21772148188,
1993,E0720500079201,日和田ふれあい交流センター,福島県白河市大信下小屋字地蔵面4-1,1,1,,1,,1,1,1,,37.209270529391,140.23580408458,
1994,E0720500080201,日篭集会所,福島県白河市大信下小屋字日篭36-2,1,1,,1,,1,1,1,,37.215525865218,140.20943833076,
1995,E0720500081201,下新城集会所,福島県白河市大信下新城字松ノ原51,1,1,,1,,1,1,1,,37.199015854646,140.28612135437,
1996,E0720500082201,宇原集会所,福島県白河市大信隈戸字宇都野前11-3,1,1,,1,,1,1,1,,37.236841816611,140.15803840604,
1997,E0720500083201,十日市集会所,福島県白河市大信隈戸字屋敷前66,1,,,1,,1,1,1,,37.234539762999,140.17822445229,
1998,E0720500084201,上小屋ふれあい交流センター,福島県白河市大信隈戸字下ノ境2-4,1,1,,1,,1,1,1,,37.216492052114,140.20382743474,
1999,E0720500085201,湯沢多目的集会所,福島県白河市大信隈戸字柿ノ木原24,1,1,,1,,1,1,1,,37.206962789131,140.18796421588,
2000,E0720500086201,滑里川集会所,福島県白河市大信隈戸字滑里川山42,1,1,,1,,1,1,1,,37.199636518301,140.19715155643,
2001,E0720500087201,大信老人福祉センター,福島県白河市大信隈戸字隈戸30,1,1,,1,,1,1,1,,37.239351266393,140.1457084642,
2002,E0720500088201,赤仁田多目的集会所,福島県白河市大信隈戸字赤仁田100-2,1,1,,1,,1,1,1,,37.215491111625,140.17863952544,
2003,E0720500089201,日仙集会所,福島県白河市大信隈戸字日向前4-1,1,1,,1,,1,1,1,,37.228547358631,140.18870114118,
2004,E0720500090201,大信トレーニングセンター,福島県白河市大信上新城字原畑75,1,1,,1,,1,1,1,,37.21084526,140.2623611,
2005,E0720500091201,上新城集会所,福島県白河市大信上新城字前田4-1,1,1,,1,,1,1,1,,37.210178206429,140.2564646098,
2006,E0720500092201,外面集会所,福島県白河市大信増見字外面287-1,1,1,,1,,1,1,1,,37.185365711549,140.22230660518,
2007,E0720500093201,石久保団地集会所,福島県白河市大信増見字石久保13,1,1,,1,,1,1,1,,37.196663880819,140.22758068709,
2008,E0720500094201,堂山集会所,福島県白河市大信増見字川田30,,1,,1,,1,1,1,,37.206634401177,140.25762679475,
2009,E0720500095201,増見集会所,福島県白河市大信増見字増見64,1,,,1,,1,1,1,,37.200318916948,140.24197496266,
2010,E0720500097201,外面団地集会所,福島県白河市大信増見字中沢1-1,1,,,1,,1,1,1,,37.180494604652,140.21670363363,
2011,E0720500098201,大信デイサービスセンター,福島県白河市大信増見字八幡山55,1,1,,1,,1,1,1,1,37.203470923435,140.2417192338,
2012,E0720500099201,大信公民館,福島県白河市大信増見字北田58,1,1,,1,,1,1,1,,37.20367523,140.2482068,
2013,E0720500100201,大信小学校体育館,福島県白河市大信中新城愛宕山108-1,1,1,,1,,1,1,1,1,37.210475368872,140.26879706565,
2014,E0720500101201,赤坂団地集会所,福島県白河市大信中新城字赤坂85-173,1,1,,1,,1,1,1,,37.208743012683,140.27667247885,
2015,E0720500102201,中新城構造改善センター,福島県白河市大信中新城字内屋敷5-2,1,1,,1,,1,1,1,,37.20632366478,140.27097930116,
2016,E0720500103201,大信中学校体育館,福島県白河市大信町屋字渋川70,1,1,,1,,1,1,1,1,37.209271460525,140.24373216752,
2017,E0720500104201,町屋集会所,福島県白河市大信町屋字朴田61-4,1,1,,1,,1,1,1,,37.204290662283,140.24860037616,
2018,E0720500105201,田園町府コミュニティセンター,福島県白河市大信田園町府1-64,1,1,,1,,1,1,1,,37.20755404756,140.24613402666,
2019,E0720500106201,飯土用集会所,福島県白河市大信豊地字飯土用308,1,,,1,,1,1,1,,37.184830648465,140.20782395633,
2020,E0720500107201,開進多目的集会所,福島県白河市大信豊地字分切田138,1,1,,1,,1,1,1,,37.185373535456,140.18505928715,
2021,E0720500108201,大和田自治会館,福島県白河市大和田前田82-1,1,1,,1,,1,1,1,,37.138738984352,140.25994277627,
2022,E0720500109201,搦目集会所,福島県白河市大搦目101,1,1,,1,,1,1,1,,37.116139005171,140.24134583575,
2023,E0720500110201,搦目山集会所,福島県白河市大搦目山43-269,1,1,,1,,1,1,1,,37.104569118096,140.23249693831,
2024,E0720500111201,南湖集会所,福島県白河市池下69-3,1,1,,1,,1,1,1,,37.107395771281,140.21960587296,
2025,E0720500113201,産業プラザ人材育成センター,福島県白河市中田140,,1,,1,,1,1,1,,37.120765696892,140.22917648669,
2026,E0720500114201,第一市民体育館,福島県白河市追廻70-1,,1,,1,,1,1,1,,37.134281,140.211712,
2027,E0720500115201,中央公民館,福島県白河市天神町2,1,,,1,,1,1,1,,37.127598,140.204216,
2028,E0720500116201,天神町集会所,福島県白河市天神町41-1,1,1,,1,,1,1,1,,37.12833424043,140.20855316897,
2029,E0720500117201,五箇小学校体育館,福島県白河市田島165-2,1,1,,1,,1,1,1,1,37.118339872219,140.28577117806,
2030,E0720500119201,田島集会所,福島県白河市田島神田14-1,1,1,,1,,1,1,1,,37.116068,140.288781,
2031,E0720500120201,入方集会所,福島県白河市田島本木前17,1,1,,1,,1,1,1,,37.108036540199,140.29852524719,
2032,E0720500121201,五箇行政センター,福島県白河市田島明治11-1,1,1,,1,,1,1,1,,37.117037872679,140.28243129927,
2033,E0720500122201,東多目的研修センター,福島県白河市東下野出島字滑志14,1,1,,1,,1,1,1,,37.10547709473,140.38800247474,
2034,E0720500123201,岩井戸集会所,福島県白河市東下野出島字岩井戸65-2,1,1,,1,,1,1,1,,37.118169984723,140.39557662248,
2035,E0720500124201,石原集会所,福島県白河市東下野出島字休場63-2,1,1,,1,,1,1,1,,37.109978891886,140.4045704663,
2036,E0720500125201,安道集会所,福島県白河市東下野出島字五蔵田32-2,1,1,,1,,1,1,1,,37.115359991917,140.40427254127,
2037,E0720500126201,坂本集会所,福島県白河市東下野出島字坂本383,1,1,,1,,1,1,1,,37.102915530096,140.38093189564,
2038,E0720500127201,小野田小学校体育館,福島県白河市東下野出島字髪内195,1,1,,1,,1,1,1,1,37.10888887084,140.38493990381,
2039,E0720500128201,八内集会所,福島県白河市東下野出島字柳町154,1,1,,1,,1,1,1,,37.11198970326,140.39222965788,
2040,E0720500129201,本町下公民館,福島県白河市東釜子字釜橋75-3,1,1,,1,,1,1,1,,37.101073108794,140.34832058237,
2041,E0720500130201,東中学校体育館,福島県白河市東釜子字狐内25,1,1,,1,,1,1,1,1,37.102749564313,140.35956084473,
2042,E0720500131201,きつねうち温泉,福島県白河市東釜子字狐内47,1,1,,1,,1,1,1,,37.105045474571,140.36452062161,
2043,E0720500132201,東総合体育館,福島県白河市東釜子字狐内59,1,1,,1,,1,1,1,,37.106724738199,140.36226098998,
2044,E0720500133201,若栗公民館,福島県白河市東釜子字若栗15-2,1,1,,1,,1,1,1,,37.08506373237,140.35968210184,
2045,E0720500134201,北町集会所,福島県白河市東釜子字新薄久保95,1,1,,1,,1,1,1,,37.105219696336,140.34696879791,
2046,E0720500135201,釜子小学校体育館,福島県白河市東釜子字西ノ内1,1,1,,1,,1,1,1,1,37.101553591466,140.34301784256,
2047,E0720500136201,本町上構造改善センター,福島県白河市東釜子字前殿山2-1,1,1,,1,,1,1,1,,37.098361413974,140.34859856236,
2048,E0720500137201,大黒町集会所,福島県白河市東釜子字大師山62-1,1,1,,1,,1,1,1,,37.108531926318,140.34278826475,
2049,E0720500138201,百目木地区農業構造改善センター,福島県白河市東釜子字長峯80,1,1,,1,,1,1,1,,37.088887947533,140.33888017576,
2050,E0720500139201,東公民館,福島県白河市東釜子字殿田表35,1,1,,1,,1,1,1,,37.10167006239,140.3497398932,
2051,E0720500140201,東農業技術センター,福島県白河市東釜子字殿田表50,1,1,,1,,1,1,1,,37.10229114113,140.3492804104,
2052,E0720500141201,畑中集会所,福島県白河市東釜子字畑中134,1,1,,1,,1,1,1,,37.081766485813,140.34915278367,
2053,E0720500142201,第二枇杷山集会所,福島県白河市東釜子字枇杷山166,1,1,,1,,1,1,1,,37.11315058069,140.35508902339,
2054,E0720500143201,第三枇杷山集会所,福島県白河市東釜子字枇杷山231,1,1,,1,,1,1,1,,37.111668441354,140.35376085511,
2055,E0720500144201,第一枇杷山集会所,福島県白河市東釜子字枇杷山69-33,1,1,,1,,1,1,1,,37.111729809159,140.35152569306,
2056,E0720500145201,形見集会所,福島県白河市東形見字市場62,1,1,,1,,1,1,1,,37.092882112083,140.32276910276,
2057,E0720500146201,小丸山集会所,福島県白河市東小丸山7-3,1,1,,1,,1,1,1,,37.111005523454,140.19996482569,
2058,E0720500147201,大竹地区農業構造改善センター,福島県白河市東上野出島字虚空蔵280,1,1,,1,,1,1,1,,37.093480473944,140.36641669556,
2059,E0720500148201,中ノ作集会所,福島県白河市東上野出島字後山1-3,1,1,,1,,1,1,1,,37.111084093437,140.38266213468,
2060,E0720500149201,東保健センター・東デイサービスセンター,福島県白河市東上野出島字千草場153-3,1,1,,1,,1,1,1,1,37.105921843909,140.36370332506,
2061,E0720500150201,蔭ノ原集会所,福島県白河市東上野出島字中峯28-2,1,1,,1,,1,1,1,,37.118014468505,140.37274544026,
2062,E0720500151201,板倉集会所,福島県白河市東上野出島字板倉160,1,1,,1,,1,1,1,,37.113300514254,140.36312318782,
2063,E0720500152201,反町・藪集会所,福島県白河市東上野出島字藪6-2,1,1,,1,,1,1,1,,37.110006429055,140.37258861583,
2064,E0720500153201,刈敷坂地域農業促進拠点センター,福島県白河市東深仁井田字刈敷坂36-1,1,1,,1,,1,1,1,,37.119929450773,140.35005359227,
2065,E0720500154201,深仁井田転作促進技術研修センター,福島県白河市東深仁井田字千代ノ岡104,1,1,,1,,1,1,1,,37.114807017317,140.33377209576,
2066,E0720500155201,千田集会所,福島県白河市東千田字瀬戸山25-1,1,1,,1,,1,1,1,,37.093848483173,140.3345009211,
2067,E0720500156201,栃本地区農業構造改善センター,福島県白河市東栃本字金塚9-3,1,1,,1,,1,1,1,,37.103302243387,140.33276081354,
2068,E0720500157201,蕪内集会所,福島県白河市東蕪内字屋敷前10,1,1,,1,,1,1,1,,37.115987634556,140.32100704279,
2069,E0720500158201,図書館,福島県白河市道場小路96-5,1,1,,1,,1,1,1,,37.130071709467,140.21137826233,
2070,E0720500159201,道場町集会所,福島県白河市道場町10-3,1,1,,1,,1,1,1,,37.1286443852,140.20556946189,
2071,E0720500160201,中田集会所,福島県白河市南中川原68-3,,1,,1,,1,1,1,,37.119975695047,140.23465277792,
2072,E0720500161201,南町会館,福島県白河市南町17,,1,,1,,1,1,1,,37.124544163966,140.21653693602,
2073,E0720500162201,白河高等学校体育館,福島県白河市南登り町54,,1,,1,,1,1,1,1,37.124414197368,140.19912800266,
2074,E0720500163201,白河第二小学校体育館,福島県白河市日影2-8,,1,,1,,1,1,1,1,37.126731434418,140.20242651419,
2075,E0720500164201,年貢町会館,福島県白河市年貢町55-1,1,1,,1,,1,1,1,,37.125129400225,140.21962636712,
2076,E0720500165201,白坂パークヒルズ自治会館,福島県白河市白坂愛宕山147-96,1,1,,1,,1,1,1,,37.085726769862,140.19182978911,
2077,E0720500166201,白坂行政センター,福島県白河市白坂愛宕山209-1,1,1,,1,,1,1,1,,37.08302205595,140.1916466542,
2078,E0720500167201,泉岡集会所,福島県白河市白坂愛宕山251-1,1,1,,1,,1,1,1,,37.083206088128,140.19207013345,
2079,E0720500168201,新白河ライフパーク集会所,福島県白河市白坂一里段6-118,1,1,,1,,1,1,1,,37.100815705775,140.20177656052,
2080,E0720500169201,下黒川集会所,福島県白河市白坂下黒川797,,1,,1,,1,1,1,,37.085882139664,140.15706935618,
2081,E0720500170201,鶴ケ丘自治会館,福島県白河市白坂牛清水76-1,1,1,,1,,1,1,1,,37.102529150051,140.16917939909,
2082,E0720500171201,三輪台集会所,福島県白河市白坂三輪台276-49,1,1,,1,,1,1,1,,37.093476531101,140.19072600579,
2083,E0720500172201,三輪台団地集会所,福島県白河市白坂三輪台6-82,1,1,,1,,1,1,1,,37.10082896183,140.19385226343,
2084,E0720500173201,鶴ケ丘会館,福島県白河市白坂勝多石26-10,1,1,,1,,1,1,1,,37.099841710287,140.18644501517,
2085,E0720500174201,石阿弥陀集会所,福島県白河市白坂新石阿弥陀100,1,1,,1,,1,1,1,,37.095300217857,140.21530795684,
2086,E0720500175201,陣場集会所,福島県白河市白坂陣場164-2,1,1,,1,,1,1,1,,37.085519363273,140.18078395259,
2087,E0720500176201,白坂多目的研修センター,福島県白河市白坂陣場202,1,1,,1,,1,1,1,,37.093029123246,140.18620238656,
2088,E0720500177201,白河第五小学校体育館,福島県白河市白坂陣場317,1,1,,1,,1,1,1,1,37.084844985197,140.18889993136,
2089,E0720500178201,大倉矢見集会所,福島県白河市白坂大倉矢見95-3,1,1,,1,,1,1,1,,37.092782413645,140.18653598579,
2090,E0720500179201,五器洗集会所,福島県白河市白坂大平160,1,1,,1,,1,1,1,,37.08152168529,140.21253857578,
2091,E0720500180201,皮篭集会所,福島県白河市白坂皮篭15,1,1,,1,,1,1,1,,37.095390820939,140.19744406121,
2092,E0720500181201,白河南中学校体育館,福島県白河市白坂芳野68-1,1,1,,1,,1,1,1,1,37.095863083744,140.20755882609,
2093,E0720500182201,板橋集会所,福島県白河市板橋舘ノ前79-1,1,1,,1,,1,1,1,,37.11162726033,140.27437195899,
2094,E0720500183201,飯沢金勝寺集会所,福島県白河市飯沢136-2,1,1,,1,,1,1,1,,37.139479446317,140.21081240073,
2095,E0720500184201,下羽原総合研修センター,福島県白河市表郷下羽原字吉田78-1,1,1,,1,,1,1,1,,37.055546573134,140.34550915997,
2096,E0720500185201,河東田公民館,福島県白河市表郷河東田字寺平156,1,1,,1,,1,1,1,,37.066717673329,140.33844511757,
2097,E0720500186201,越掘集会所,福島県白河市表郷金山字井戸尻123,1,1,,1,,1,1,1,,37.058657021824,140.29897268115,
2098,E0720500187201,広畑集会所,福島県白河市表郷金山字広畑70,1,1,,1,,1,1,1,,37.056671559996,140.2885839207,
2099,E0720500188201,犬神集会所,福島県白河市表郷金山字笹凹17-1,1,1,,1,,1,1,1,,37.038223009833,140.27984836808,
2100,E0720500189201,表郷小学校体育館,福島県白河市表郷金山字瀬戸原108,1,1,,1,,1,1,1,1,37.058764954495,140.30122739905,
2101,E0720500190201,竹ノ内集落センター,福島県白河市表郷金山字竹ノ内94,1,1,,1,,1,1,1,,37.05663607573,140.29452187779,
2102,E0720500191202,表郷幼稚園,福島県白河市表郷金山字長者久保2-5,1,1,,1,,1,1,1,,37.053662019104,140.30600797266,
2103,E0720500191201,表郷保健センター,福島県白河市表郷金山字長者久保2-5,1,1,,1,,1,1,1,,37.05457851518,140.30654076562,
2104,E0720500192201,菅辻集落農事集会所,福島県白河市表郷金山字藤川原74-2,1,1,,1,,1,1,1,,37.052202835406,140.29389750619,
2105,E0720500193201,高木集会所,福島県白河市表郷高木字上宿3-2,1,1,,1,,1,1,1,,37.054947342008,140.31981921491,
2106,E0720500194201,三森公民館,福島県白河市表郷三森字月桜188,1,1,,1,,1,1,1,,37.055588823815,140.33619787388,
2107,E0720500195201,社田集会所,福島県白河市表郷社田字太夫屋敷85,1,1,,1,,1,1,1,,37.070136659886,140.28454801288,
2108,E0720500196201,小松集会所,福島県白河市表郷小松字日向215,1,1,,1,,1,1,1,,37.080563888583,140.28116642017,
2109,E0720500197201,深渡戸集会所,福島県白河市表郷深渡戸字川田8-1,,1,,1,,1,1,1,,37.064280514918,140.34846779411,
2110,E0720500198201,中寺集会所,福島県白河市表郷中寺字屋敷32,1,1,,1,,1,1,1,,37.068044408493,140.31278236943,
2111,E0720500199201,岩崎公民館,福島県白河市表郷中野字下滝沢29,1,1,,1,,1,1,1,,37.058996473488,140.23608687227,
2112,E0720500200201,中野公民館,福島県白河市表郷中野字上ノ原7,1,,,1,,1,1,1,,37.061506249454,140.24240132101,
2113,E0720500201201,才ノ内公民館,福島県白河市表郷中野字中才ノ内40-1,1,,,1,,1,1,1,,37.066703190338,140.25566621699,
2114,E0720500202201,柳橋公民館,福島県白河市表郷中野字柳橋12-3,,1,,1,,1,1,1,,37.063913582588,140.24415346593,
2115,E0720500203201,内松公民館,福島県白河市表郷内松字四斗蒔12,1,1,,1,,1,1,1,,37.074671045426,140.24086686385,
2116,E0720500204201,八幡集会所,福島県白河市表郷八幡字上後久保25,1,1,,1,,1,1,1,,37.071422317675,140.30147523804,
2117,E0720500205201,桜岡公民館,福島県白河市表郷八幡字中ノ割55-4,1,1,,1,,1,1,1,,37.07610487753,140.31756552404,
2118,E0720500206201,宮村集会所,福島県白河市表郷八幡字福崎63-3,1,1,,1,,1,1,1,,37.078659923262,140.30459436387,
2119,E0720500207201,上宿公民館,福島県白河市表郷番沢字綾釣50,1,1,,1,,1,1,1,,37.063949140136,140.27672605055,
2120,E0720500208201,下宿集会所,福島県白河市表郷番沢字綾釣99-1,1,1,,1,,1,1,1,,37.06485051532,140.27988407462,
2121,E0720500209201,上羽郷公民館,福島県白河市表郷番沢字原8-6,1,1,,1,,1,1,1,,37.064368645118,140.26836601915,
2122,E0720500210201,表郷公民館,福島県白河市表郷番沢字桜下23,1,1,,1,,1,1,1,,37.061056006651,140.29279963163,
2123,E0720500211201,上願ふれあいセンター,福島県白河市表郷番沢字桜下26-3,1,1,,1,,1,1,1,,37.061316584915,140.29204631268,
2124,E0720500212201,おもてごう保育園,福島県白河市表郷番沢字成金142,1,1,,1,,1,1,1,,37.06445276517,140.27635559222,
2125,E0720500213201,白鳥団地集会所,福島県白河市表郷番沢字大窪10-76,1,1,,1,,1,1,1,,37.074324810687,140.26966276202,
2126,E0720500215201,表郷中学校体育館,福島県白河市表郷番沢字柳沼60,1,1,,1,,1,1,1,,37.060635617849,140.29380820659,
2127,E0720500216201,表郷老人福祉センター,福島県白河市表郷番沢字和田46-1,1,1,,1,,1,1,1,,37.059025651569,140.27860867567,
2128,E0720500217201,表郷体育館,福島県白河市表郷番沢字和田46-9,1,1,,1,,1,1,1,,37.058316861988,140.27878578661,
2129,E0720500218201,表郷多目的研修センター,福島県白河市表郷番沢字和田49-1,1,1,,1,,1,1,1,,37.057778673811,140.27874158535,
2130,E0720500219201,堀之内構造改善センター,福島県白河市表郷堀之内字舟戸59,,1,,1,,1,1,1,,37.064987918928,140.32409196587,
2131,E0720500220201,表郷デイサービスセンター,福島県白河市表郷堀之内字堀之内1-5,1,1,,1,,1,1,1,1,37.069013535571,140.32072231467,
2132,E0720500221201,梁森集会所,福島県白河市表郷梁森字瀬戸原90,1,1,,1,,1,1,1,,37.055156011097,140.311784925,
2133,E0720500222201,大谷地集会所,福島県白河市豊地桜地60-2,1,1,,1,,1,1,1,,37.150098332865,140.21652070568,
2134,E0720500223201,北真舟集会所,福島県白河市北真舟14,1,1,,1,,1,1,1,,37.131828821973,140.19475422795,
2135,E0720500224201,中央体育館,福島県白河市北中川原30,,1,,1,,1,1,1,,37.1233859991,140.229327,
2136,E0720500225202,中央保健センター,福島県白河市北中川原313,,1,,1,,1,1,1,,37.124257340064,140.22796693565,
2137,E0720500225201,中央老人福祉センター・中央デイサービスセンター,福島県白河市北中川原313,,1,,1,,1,1,1,,37.124462645541,140.22714617969,
2138,E0720500226201,わかば保育園,福島県白河市北中川原8-1,,1,,1,,1,1,1,,37.12384344405,140.22621175906,
2139,E0720500227201,第一区集会所,福島県白河市北登り町12-3,,1,,1,,1,1,1,,37.125838468177,140.19898172492,
2140,E0720500228201,本沼集会所,福島県白河市本沼38-1,1,1,,1,,1,1,1,,37.130496918619,140.27276430877,
2141,E0720500229201,本町集会所,福島県白河市本町67-4,1,1,,1,,1,1,1,,37.126806590405,140.21675949486,
2142,E0720500230201,第三市民体育館,福島県白河市明戸102-1,1,1,,1,,1,1,1,1,37.127704,140.220911,
2143,E0720500231201,横町集会所,福島県白河市明戸102-8,1,1,,1,,1,1,1,,37.127817183127,140.22066118236,
2144,E0720500232201,白河中央中学校体育館,福島県白河市明戸72-5,1,1,,1,,1,1,1,1,37.128261054424,140.22144730263,
2145,E0720500237201,葉ノ木平震災復興記念公園,福島県白河市葉ノ木平110,1,1,,1,,1,1,1,,37.138046,140.218474,
2146,E0720500233201,第二市民体育館,福島県白河市立石山3,1,1,,1,,1,1,1,1,37.127195,140.196672,
2147,E0720500234201,白河第二中学校体育館,福島県白河市和尚壇2-1,,1,,1,,1,1,1,1,37.128483106984,140.1882963673,
2148,E0748300002201,伊香農村公園,福島県塙町大字伊香字下町2-2,,1,,1,,1,1,,1,36.929293471627,140.40850611919,
2149,E0748300010201,常豊地区運動場,福島県塙町大字常世北野字八幡106-1,1,1,,1,,1,1,,1,36.967420599285,140.433649868,
2150,E0748300013201,植田ふれあい広場,福島県塙町大字植田字坂ノ下１１－５外,1,1,,1,,1,1,,,36.906026202235,140.40630053054,
2151,E0748300016201,植田農村公園,福島県塙町大字植田字又六103-1,,1,,1,,1,1,,,36.90397806106,140.41085490515,
2152,E0748300017201,真名畑農村公園,福島県塙町大字真名畑字宮田50,1,1,,1,,1,1,,1,36.903836578705,140.38333456387,
2153,E0748300019201,西河内農村公園,福島県塙町大字西河内字観音前1-1,1,1,,1,,1,1,,,36.977918531597,140.42661123883,
2154,E0748300024201,笹原小学校グラウンド,福島県塙町大字川上字馬場77,1,,,1,,1,1,,1,36.93973552012,140.4449190942,
2155,E0748300027201,塙小学校グラウンド,福島県塙町大字台宿字下川原5,,1,,1,,1,1,,1,36.954406840934,140.40763189374,
2156,E0748300029201,台宿農村公園,福島県塙町大字台宿字南原78-119,1,1,,1,,1,1,,,36.951105493111,140.40248882676,
2157,E0748300035201,塙中学校グラウンド,福島県塙町大字竹之内字草田3,,1,,1,,1,1,,1,36.957493166146,140.42721387541,
2158,E0748300039201,田代農村公園,福島県塙町大字田代字急度内67,1,,,1,,1,1,,,36.946045007342,140.48390535255,
2159,E0748300042201,東河内地区林業者保健休養広場,福島県塙町大字東河内字荒屋270,1,1,,1,,1,1,,,36.987464323981,140.43603865049,
2160,E0748300046201,東河内農村公園,福島県塙町大字東河内字矢倉5,1,1,,1,,1,1,,,36.98778375464,140.43581888059,
2161,E0748300050201,栄町児童公園,福島県塙町大字塙字栄町14-4,,1,,1,,1,1,,,36.956791656195,140.41316736136,
2162,E0748300055201,塙町営野球場,福島県塙町大字塙字桜木町80,1,,,1,,1,1,,1,36.952410670199,140.42036304138,
2163,E0748300060201,塙町公民館片貝分館運動場,福島県塙町大字片貝字五升蒔126,1,1,,1,,1,1,,1,36.889609783742,140.49812635596,
2164,E0748300065201,湯岐木野反農村公園,福島県塙町大字木野反字才我地20-1,,1,,1,,1,1,,,36.905108582112,140.45983628178,
2165,E0740700001201,更科農村公園,福島県磐梯町大字更科字堰下4638-101,1,,,1,,1,1,,,37.565318864013,140.01268712144,
2166,E0740700002201,布藤農村公園,福島県磐梯町大字更科字樋下2121-2,1,1,,1,,1,1,,,37.547248822748,140.02491151504,
2167,E0740700003201,磐梯第二小学校,福島県磐梯町大字大谷字屋敷前33,1,1,,1,,1,1,1,1,37.574256371147,139.95977754182,
2168,E0740700004201,磐梯ふるさとの森公園,福島県磐梯町大字大谷字日知坂6564,1,1,,1,,1,1,,,37.559220598068,139.97434368259,
2169,E0740700005201,大寺農村公園,福島県磐梯町大字磐梯字口明石522-1,1,1,,1,,1,1,,,37.560511649369,139.99432482117,
2170,E0740700013201,磐梯町多目的広場,福島県磐梯町大字磐梯字仁渡926,1,1,,1,,1,1,,,37.561866421017,139.99238052778,
2171,E0740700014201,磐梯町民運動場,福島県磐梯町大字磐梯字仁渡977,1,1,,1,,1,1,,,37.56254154385,139.99106962799,
2172,E0740700015201,磐梯第一小学校校庭,福島県磐梯町大字磐梯字水口2528,1,1,,1,,1,1,,1,37.559862539259,139.9864615929,
2173,E0740700017201,妙法原農村公園,福島県磐梯町大字磐梯字東妙法59,1,1,,1,,1,1,,,37.568183273576,140.00160518557,
2174,E0754300001201,総合スポーツセンター（武道館）,福島県富岡町小浜481,1,1,1,1,1,1,1,,1,37.348512430392,141.01807505695,
2175,E0754300001202,総合スポーツセンター（総合体育館）,福島県富岡町小浜481,1,1,1,1,1,1,1,,1,37.347778933098,141.01766736117,
2176,E0754300002201,下郡山集会所,福島県富岡町大字下郡山字真壁327-1,1,1,1,1,1,1,1,,,37.325093009619,141.01437396989,
2177,E0754300003201,西原集会所,福島県富岡町大字小浜字大膳町152,1,1,1,1,1,1,1,,,37.332790776074,141.01305702267,
2178,E0754300004202,富岡第一中学校（体育館）,福島県富岡町大字小浜字中央237-1,,,1,1,,1,,,1,37.338427233783,141.01815085053,
2179,E0754300004201,富岡第一中学校（体育館除く）,福島県富岡町大字小浜字中央237-1,,,1,1,,1,,,1,37.338546655679,141.01729522586,
2180,E0754300005201,上郡山多目的集会所,福島県富岡町大字上郡山字上郡17,,,1,1,1,1,1,,,37.32655218724,140.99168667576,
2181,E0754300006201,清水集会所,福島県富岡町大字上郡山字清水51,1,1,1,1,1,1,1,,,37.331844713013,141.00297707416,
2182,E0754300007201,太田集会所,福島県富岡町大字上郡山字太田238,1,1,1,1,1,1,1,,,37.317632319508,141.00736502233,
2183,E0754300008201,下千里集会所,福島県富岡町大字上手岡字下千里349-2,1,1,1,1,1,1,1,,,37.358067800234,140.98680752238,
2184,E0754300009201,上手岡多目的集会所,福島県富岡町大字上手岡字下千里64,1,1,1,1,1,1,1,,,37.366622983692,140.97108592132,
2185,E0754300010201,杉内集会所,福島県富岡町大字上手岡字茂手木168-1,,,1,1,1,1,1,,,37.371917361336,140.95820916403,
2186,E0754300011201,大菅集会所,福島県富岡町大字大菅字蛇谷須204-4,,,1,1,1,1,1,,,37.372506165158,140.98702049442,
2187,E0754300012201,王塚集会所,福島県富岡町大字本岡字王塚373-1,1,1,1,1,1,1,1,,,37.350685151405,141.00044668134,
2188,E0754300013201,文化交流センター「学びの森」,福島県富岡町大字本岡字王塚622-1,1,1,1,1,1,1,1,,1,37.347086046233,141.00930569601,
2189,E0754300014201,高津戸多目的集会所,福島県富岡町大字本岡字清水前107,1,1,1,1,1,1,1,,,37.368032051221,140.98969863647,
2190,E0754300015201,赤木多目的集会所,福島県富岡町大字本岡字赤木275-1,,,1,1,1,1,1,,,37.338012605543,140.96297589972,
2191,E0754300016201,本町集会所,福島県富岡町大字本岡字本町14,,,1,1,1,1,,,,37.341235158825,141.00442433179,
2192,E0754300017201,総合福祉センター,福島県富岡町中央1-8-1,1,1,1,1,1,1,1,,1,37.338285724277,141.00793928484,
2193,E0720100001201,上名倉第２公園,福島県福島市さくら1-1-2,,1,,1,,1,1,,,37.73009091,140.3947793,
2194,E0720100002201,ＪＲ福島駅,福島県福島市栄町1-1,1,1,,1,,1,1,1,,37.75421531,140.4606766,
2195,E0720100004201,福島明成高等学校,福島県福島市永井川字北原田1,1,1,,1,,1,1,1,1,37.72165703,140.4509784,
2196,E0720100005201,宮畑遺跡史跡公園,福島県福島市岡島字宮畑19,1,1,,1,,1,1,1,,37.78954612,140.5150072,
2197,E0720100007201,福島第２公園,福島県福島市岡島字堂門山１－６外,1,1,,1,,1,1,1,,37.7924693533,140.5214538399,
2198,E0720100008201,もちずり学習センター,福島県福島市岡部字高畑46,,,,1,,1,1,1,1,37.77274536,140.5000709,
2199,E0720100010201,ヘルシーランド福島,福島県福島市岡部字上河原26,1,1,,1,,1,1,1,,37.76506501,140.4920667,
2200,E0720100012201,新山霊園,福島県福島市岡部字新山3,1,1,,1,,1,1,1,,37.7650604818,140.4965468677,
2201,E0720100016201,福島体育館・武道場,福島県福島市霞町4-45,1,1,,1,,1,1,1,1,37.76485381,140.469317,
2202,E0720100018201,北信中学校,福島県福島市鎌田字御仮家20,1,1,,1,,1,1,1,1,37.79806302,140.4806383,
2203,E0720100019201,月輪小学校　屋外運動場,福島県福島市鎌田字早津小屋12,,1,,1,,1,1,1,1,37.79123821,140.5086071,
2204,E0720100020201,北信学習センター,福島県福島市鎌田字中江1,1,1,,1,,1,1,1,1,37.79644803,140.4789687,
2205,E0720100022201,鎌田小学校,福島県福島市丸子字石名田6,1,1,,1,,1,1,,1,37.78757802,140.483742,
2206,E0720100023201,福島商業高等学校,福島県福島市丸子字辰ノ尾1,1,1,,1,,1,1,,1,37.78375034,140.4763197,
2207,E0720100024201,吉井田小学校,福島県福島市吉倉字桜内48,1,1,,1,,1,1,,1,37.74519227,140.4340347,
2208,E0720100027201,橘高等学校,福島県福島市宮下町7-41,1,1,,1,,1,1,1,1,37.76283323,140.4676074,
2209,E0720100028201,福島学院大学,福島県福島市宮代字乳児池1-1,1,1,,1,,1,1,1,1,37.79996695,140.4868077,
2210,E0720100029201,余目小学校　屋外運動場,福島県福島市宮代字瘤石45,1,1,,1,,1,1,1,1,37.8060516,140.4732889,
2211,E0720100031201,信夫ヶ丘競技場,福島県福島市古川14-1,,1,,1,,1,1,,,37.77528281,140.4914593,
2212,E0720100032201,福島第三中学校,福島県福島市古川44-2,,1,,1,,1,1,1,1,37.77633737,140.4923203,
2213,E0720100034201,清水学習センター,福島県福島市御山字松川原5-1,,1,,1,,1,1,,1,37.7807556,140.4570786,
2214,E0720100035201,松川運動公園,福島県福島市御山字松川原５－１地先外,,1,,1,,1,1,,,37.78170531,140.4583285,
2215,E0720100036201,御山小学校,福島県福島市御山字長滝1-1,,1,,1,,1,1,,1,37.77918558,140.4589962,
2216,E0720100037201,学校法人松韻学園福島高等学校,福島県福島市御山町9-1,1,,,1,,1,1,1,1,37.7649762,140.4673619,
2217,E0720100038201,福島県立医科大学　体育館駐車場,福島県福島市光が丘1,1,1,,1,,1,1,1,1,37.6905776,140.468969,
2218,E0720100039201,福島県消防学校,福島県福島市荒井字仲沢7,1,1,,1,,1,1,1,1,37.71073486,140.3716287,
2219,E0720100041201,荒井小学校,福島県福島市荒井北3-7-4,,1,,1,,1,1,,1,37.72415969,140.388307,
2220,E0720100042201,杉妻学習センター,福島県福島市黒岩字田部屋53-2,,1,,,,1,1,,1,37.72858913,140.4646573,
2221,E0720100043201,福島県青少年会館　駐車場,福島県福島市黒岩字田部屋53-5,,1,,,,1,1,,1,37.72827376,140.4648066,
2222,E0720100045201,あづま総合運動公園　体育館前屋外広場,福島県福島市佐原字神事場１外,,1,,1,,1,1,,,37.72437934,140.36543,
2223,E0720100046201,佐原小学校,福島県福島市佐原字田中前24,1,1,,1,,1,1,,1,37.72319326,140.3558147,
2224,E0720100048201,福島キャノン工場グラウンド,福島県福島市佐倉下字棚子12-1,,1,,1,,1,1,,,37.74454017,140.405989,
2225,E0720100051201,庭塚小学校,福島県福島市在庭坂字薬師田19,1,1,,1,,1,1,,1,37.75717832,140.3756561,
2226,E0720100052201,福島第二中学校,福島県福島市桜木町5-20,,1,,1,,1,1,1,1,37.76145704,140.4786741,
2227,E0720100053201,信陵学習センター,福島県福島市笹谷字才ノ神1,1,1,,1,,1,1,,1,37.79382444,140.43116,
2228,E0720100055201,笹谷小学校　屋外運動場,福島県福島市笹谷字上町18,1,1,,1,,1,1,,1,37.79531043,140.4240966,
2229,E0720100057201,信陵中学校,福島県福島市笹谷字島原2,1,1,,1,,1,1,,1,37.78891398,140.4328978,
2230,E0720100058201,野田中学校,福島県福島市笹木野字市街道28-1,1,1,,1,,1,1,,1,37.76069236,140.4227126,
2231,E0720100059201,吾妻学習センター,福島県福島市笹木野字折杉41-1,1,1,,1,,1,1,1,1,37.75995494,140.4194871,
2232,E0720100060201,野田小学校,福島県福島市笹木野字町尻2,1,1,,1,,1,1,1,1,37.77101973,140.4232394,
2233,E0720100062201,陽光会大萱荘グラウンド,福島県福島市笹木野字払川添23-1,1,1,,1,,1,1,,1,37.7832332,140.4099301,
2234,E0720100063201,三河台小学校　屋外運動場,福島県福島市三河南町17-7,1,1,,1,,1,1,1,1,37.75728671,140.4540276,
2235,E0720100064201,ふくしま支援学校　屋外運動場,福島県福島市山居146-1,,,,,,1,1,,1,37.77988746,140.4803764,
2236,E0720100065201,福島東稜高等学校,福島県福島市山居上3,1,,,1,,1,1,1,1,37.76991497,140.4745751,
2237,E0720100070201,岡山小学校　屋外運動場,福島県福島市山口字上中田43,1,1,,1,,1,1,1,1,37.77198712,140.5103634,
2238,E0720100073201,福島市パークゴルフ場,福島県福島市山田字細谷1,1,1,,1,,1,1,1,,37.7202647202,140.429988198,
2239,E0720100074201,福島県文化センター駐車場,福島県福島市春日町5-54,1,,,1,,1,1,1,,37.76786919,140.4736377,
2240,E0720100076201,平田小学校,福島県福島市小田字本内26,1,1,,1,,1,1,1,1,37.71044045,140.4315882,
2241,E0720100079201,松陵中学校　屋外運動場,福島県福島市松川町字上桜内3-4,1,1,,,,1,1,1,1,37.65608274,140.4615302,
2242,E0720100080201,松川学習センター,福島県福島市松川町字杉内33,1,1,,1,,1,1,1,1,37.65830434,140.4677025,
2243,E0720100081201,松川小学校,福島県福島市松川町字南諏訪原31-1,1,1,,1,,1,1,1,1,37.65577971,140.4641303,
2244,E0720100083201,下川崎小学校　屋外運動場,福島県福島市松川町沼袋字戸ノ内832-3,1,1,,,,1,1,1,1,37.64419161,140.500326,
2245,E0720100084201,旧水原小学校,福島県福島市松川町水原字戸ノ内31,,1,,1,,1,1,1,1,37.66539034,140.4212486,
2246,E0720100086201,南体育館,福島県福島市松川町浅川字笠松11-2,1,1,,1,,1,1,1,1,37.67746958,140.4654933,
2247,E0720100087201,福島大学,福島県福島市松川町浅川字直道2,1,1,,1,,1,1,1,,37.68413927,140.4553021,
2248,E0720100090201,金谷川小学校,福島県福島市松川町浅川字菪陳場21,1,1,,1,,1,1,1,,37.68289573,140.4657037,
2249,E0720100091201,美郷第４公園,福島県福島市松川町美郷4-12-1,1,1,,1,,1,1,1,,37.6661875,140.4729637,
2250,E0720100094201,福島第三小学校　屋外運動場,福島県福島市松浪町3-46,1,1,,1,,1,1,1,1,37.76645211,140.4785247,
2251,E0720100096201,鳥川小学校　屋外運動場,福島県福島市上鳥渡字茶中40,,1,,1,,1,1,,1,37.73456497,140.4164525,
2252,E0720100098201,福島成蹊高等学校,福島県福島市上浜町5-10,1,1,,1,,1,1,1,1,37.75620564,140.4779993,
2253,E0720100101201,西学習センター,福島県福島市上名倉字妻下4-2,,1,,1,,1,1,,1,37.72513647,140.3836098,
2254,E0720100102201,佐倉小学校,福島県福島市上名倉字大光内1,,1,,1,,1,1,,1,37.73256681,140.3905102,
2255,E0720100103201,西信中学校　屋外運動場,福島県福島市上名倉字道上6,,1,,1,,1,1,,1,37.72718098,140.3860375,
2256,E0720100104201,吾妻学習センター分館,福島県福島市上野寺字下平場35-1,1,1,,,,1,1,,1,37.75871656,140.3961411,
2257,E0720100105201,新浜公園,福島県福島市新浜町1,1,1,,1,,1,1,1,,37.75805488,140.4684181,
2258,E0720100106201,福島大学附属小学校,福島県福島市新浜町4-6,1,1,,1,,1,1,1,1,37.76081267,140.4699573,
2259,E0720100107201,福島工業高等学校,福島県福島市森合字小松原1,1,1,,1,,1,1,1,1,37.76931701,140.4515137,
2260,E0720100108201,森合運動公園,福島県福島市森合字上柳内１－１外,1,1,,1,,1,1,1,,37.76432413,140.4483826,
2261,E0720100109201,県立美術館・図書館前広場,福島県福島市森合字西養山1,1,1,,1,,1,1,1,,37.7675482,140.4568313,
2262,E0720100111201,森合小学校　屋外運動場,福島県福島市森合字中谷地2-3,1,1,,1,,1,1,1,1,37.76745936,140.4497655,
2263,E0720100114201,福島高等学校,福島県福島市森合町5-72,1,1,,1,,1,1,1,1,37.76459845,140.4622906,
2264,E0720100115201,福島ふれあいパーク,福島県福島市森合町9,1,1,,1,,1,1,1,,37.76253622,140.4638376,
2265,E0720100117201,吉井田学習センター,福島県福島市仁井田字西下川原1-1,,1,,1,,1,1,,1,37.75376668,140.4367293,
2266,E0720100118201,国体記念体育館,福島県福島市仁井田字西下川原41-1,,1,,1,,1,1,,1,37.75249037,140.4363099,
2267,E0720100120201,岳陽中学校,福島県福島市須川町1-33,,1,,1,,1,1,,1,37.75051984,140.4549814,
2268,E0720100121201,福島第一小学校　屋外運動場,福島県福島市杉妻町1-24,1,1,,,,1,1,1,1,37.75140468,140.4668291,
2269,E0720100123201,瀬上小学校　屋外運動場,福島県福島市瀬上町字一ノ坪28,1,1,,1,,1,1,1,1,37.80435389,140.4900022,
2270,E0720100124201,福島県教育センター　駐車場,福島県福島市瀬上町字五月田16,1,1,,1,,1,1,1,1,37.80199885,140.4870824,
2271,E0720100126201,清明小学校　屋外運動場,福島県福島市清明町9-31,,1,,,,1,1,,1,37.74619545,140.4620144,
2272,E0720100132201,大笹生小学校　屋外運動場,福島県福島市大笹生字緑田1,1,1,,1,,1,1,1,1,37.79871003,140.4028374,
2273,E0720100133201,十六沼公園体育館,福島県福島市大笹生字俎板山341,1,1,,1,,1,1,1,1,37.815483670484,140.41600468309,
2274,E0720100135201,大森小学校,福島県福島市大森字南中道4,1,1,,1,,1,1,1,1,37.72661669,140.4421454,
2275,E0720100136201,信夫中学校,福島県福島市大森字南内町31-1,1,1,,1,,1,1,1,1,37.72263817,140.4366743,
2276,E0720100137201,信夫学習センター,福島県福島市大森字馬場1,1,1,,1,,1,1,1,1,37.72593415,140.4363528,
2277,E0720100139201,旧大波小上染屋分校　屋外運動場,福島県福島市大波字久保58,1,1,,1,,1,1,1,,37.7329481,140.5341937,
2278,E0720100142201,大波多目的集会所,福島県福島市大波字滝ノ入43-1,1,1,,1,,1,1,1,1,37.75741075,140.5539663,
2279,E0720100143201,庭坂小学校,福島県福島市町庭坂字愛宕堂1-1,1,1,,1,,1,1,1,1,37.77231869,140.3802269,
2280,E0720100145201,吾妻中学校　屋外運動場,福島県福島市町庭坂字原田8,1,1,,1,,1,1,,1,37.76460434,140.3786616,
2281,E0720100146201,あったか湯,福島県福島市町庭坂字高湯25,1,,,1,,1,1,1,1,37.75236612,140.3049126,
2282,E0720100147201,福島第四小学校　屋外運動場,福島県福島市天神町11-31,1,1,,,,1,1,1,1,37.75961807,140.4634785,
2283,E0720100148201,清沢運動場,福島県福島市田沢字沼ノ上1,1,,,1,,1,1,1,,37.70445359,140.4802753,
2284,E0720100151201,渡利学習センター,福島県福島市渡利字岩崎町190,1,1,,1,,1,1,1,1,37.74966245,140.4856408,
2285,E0720100152201,福島南高等学校,福島県福島市渡利字七社宮17,,1,,1,,1,1,,1,37.74747053,140.4760461,
2286,E0720100153201,渡利小学校,福島県福島市渡利字八幡町120,,1,,1,,1,1,,1,37.74996449,140.478774,
2287,E0720100155201,渡利中学校　屋外運動場,福島県福島市渡利字平内町106,1,1,,1,,1,1,1,1,37.74471335,140.4782991,
2288,E0720100156201,弁天山公園,福島県福島市渡利字弁天山４３－１外,1,,,1,,1,1,1,,37.74240076,140.4746168,
2289,E0720100157201,水保小学校,福島県福島市土船字原野町19-1,,1,,1,,1,1,,1,37.74871022,140.3855185,
2290,E0720100245201,中之湯,福島県福島市土湯温泉町字下ノ町5,1,1,,1,,1,1,1,1,37.682816,140.325073,
2291,E0720100160201,旧サンスカイつちゆ跡地,福島県福島市土湯温泉町字赤坂7-6,1,1,,1,,1,1,1,,37.68254009,140.3320619,
2292,E0720100161201,南向台小学校,福島県福島市南向台2-36-1,1,1,,1,,1,1,1,1,37.7257801,140.4819902,
2293,E0720100164201,清水中学校,福島県福島市南沢又字清水端23,1,1,,1,,1,1,1,1,37.77187632,140.4360056,
2294,E0720100165201,フィジカルムーブメント専門学校,福島県福島市南沢又字明神北4-1,1,1,,1,,1,1,,,37.77765742,140.4297389,
2295,E0720100166201,清水小学校　屋外運動場,福島県福島市南沢又字柳清水20,,1,,1,,1,1,,1,37.7793787,140.4430117,
2296,E0720100168201,清水学習センター分館,福島県福島市南沢又字柳清水8-1,,1,,,,1,1,,1,37.77898333,140.4423895,
2297,E0720100169201,野田中央公園,福島県福島市南中央2-18,1,1,,1,,1,1,1,,37.76092327,140.4374234,
2298,E0720100170201,福島第一中学校,福島県福島市南町480,,1,,1,,1,1,,1,37.74080603,140.4640099,
2299,E0720100171201,福島第四中学校,福島県福島市南平5-8,1,,,1,,1,1,1,1,37.76589873,140.4630319,
2300,E0720100172201,矢野目小学校　屋外運動場,福島県福島市南矢野目字関端2-1,1,1,,1,,1,1,1,1,37.79060914,140.4648984,
2301,E0720100174201,ふくしま北中央公園,福島県福島市南矢野目字清水前33,1,1,,1,,1,1,1,,37.79054671,140.4490104,
2302,E0720100175201,福島市音楽堂・勤労青少年ホーム,福島県福島市入江町1-1,1,1,,1,,1,1,1,1,37.7693875,140.4789261,
2303,E0720100176201,ＪＡふくしま未来　未来館よしいだ,福島県福島市八木田字神明150,1,1,,1,,1,1,,1,37.747896264847,140.44137103651,
2304,E0720100177201,福島大学附属特別支援学校,福島県福島市八木田字並柳71,,1,,1,,1,1,,1,37.74729356,140.4478678,
2305,E0720100178201,大鳥中学校,福島県福島市飯坂町字舘11,1,1,,1,,1,1,1,1,37.8309606,140.4449009,
2306,E0720100179201,飯坂学習センター,福島県福島市飯坂町字銀杏6-11,1,1,,1,,1,1,1,1,37.82752589,140.4471675,
2307,E0720100180201,福島北高等学校,福島県福島市飯坂町字後畑1,1,1,,1,,1,1,1,1,37.81580217,140.4506251,
2308,E0720100181201,飯坂小学校　屋外運動場,福島県福島市飯坂町字桜下1,1,1,,1,,1,1,1,1,37.8331892,140.4471164,
2309,E0720100189201,中野小学校　屋外運動場,福島県福島市飯坂町中野字東森23,1,1,,,,1,1,1,1,37.82675148,140.4318843,
2310,E0720100190201,東湯野小学校,福島県福島市飯坂町東湯野字尻明1,1,1,,1,,1,1,1,1,37.82250289,140.4796065,
2311,E0720100191201,西根中学校,福島県福島市飯坂町湯野字太平2,1,1,,1,,1,1,1,1,37.83236051,140.4665536,
2312,E0720100192201,湯野小学校　屋外運動場,福島県福島市飯坂町湯野字台7,1,1,,1,,1,1,1,1,37.83064253,140.45861,
2313,E0720100193201,湯野地区運動場,福島県福島市飯坂町湯野字暮坪山3-4,1,1,,,,1,1,1,,37.83835977,140.4598333,
2314,E0720100195201,平野中学校　屋外運動場,福島県福島市飯坂町平野字舘ノ前3-3,1,1,,1,,1,1,1,1,37.80312153,140.4383692,
2315,E0720100198201,平野小学校,福島県福島市飯坂町平野字石堂10,1,1,,1,,1,1,1,1,37.81002125,140.4424024,
2316,E0720100199201,福島県農業総合センター果樹研究所　駐車場,福島県福島市飯坂町平野字檀ノ東1,1,1,,1,,1,1,1,,37.81417552,140.4451881,
2317,E0720100200201,茂庭多目的集会所,福島県福島市飯坂町茂庭字宮沢口9-1,1,1,,1,,1,1,1,1,37.91828057,140.4255487,
2318,E0720100202201,飯野学習センター,福島県福島市飯野町字境川19-2,1,1,,1,,1,1,1,1,37.65721067,140.5395076,
2319,E0720100204201,飯野地域福祉センター,福島県福島市飯野町字西宮平25-1,1,1,,1,,1,1,1,1,37.65274102,140.5392563,
2320,E0720100205201,飯野中学校,福島県福島市飯野町字西志保井1-1,1,1,,1,,1,1,1,1,37.65825022,140.5320859,
2321,E0720100206201,飯野学習センター青木分館,福島県福島市飯野町青木字向広表50,1,1,,1,,1,1,1,1,37.67172623,140.5295065,
2322,E0720100208201,飯野学習センター大久保分館,福島県福島市飯野町大久保字岩見内17,1,1,,1,,1,1,1,1,37.66369957,140.5483237,
2323,E0720100211201,飯野小学校,福島県福島市飯野町明治字遠久内2,1,1,,1,,1,1,1,1,37.65640661,140.5297487,
2324,E0720100212201,飯野地区体育館,福島県福島市飯野町明治字芳作62-1,1,1,,1,,1,1,1,1,37.66146646,140.5127929,
2325,E0720100213201,飯野学習センター明治分館　屋外運動場,福島県福島市飯野町明治字北小戸明利30,1,1,,,,1,1,1,1,37.65849287,140.52217,
2326,E0720100214201,福島東高等学校,福島県福島市浜田町12-21,1,1,,1,,1,1,1,1,37.75740422,140.4778201,
2327,E0720100215201,福島大学附属中学校,福島県福島市浜田町12-26,1,1,,1,,1,1,1,1,37.75878206,140.4782834,
2328,E0720100217201,福島第二小学校　屋外運動場,福島県福島市浜田町2-1,1,1,,1,,1,1,1,1,37.75883394,140.4734156,
2329,E0720100220201,杉妻小学校,福島県福島市伏拝字沢口18,,1,,1,,1,1,1,1,37.723515,140.4638533,
2330,E0720100223201,平石小学校,福島県福島市平石字長屋敷1-1,1,1,,1,,1,1,1,1,37.70037905,140.4468245,
2331,E0720100224201,福島西高等学校,福島県福島市方木田字上原37,,1,,1,,1,1,,1,37.74783155,140.4514745,
2332,E0720100225201,蓬莱学習センター分館,福島県福島市蓬莱町4-1-1,1,1,,,,1,1,1,1,37.6979998,140.4723905,
2333,E0720100226201,蓬莱学習センター,福島県福島市蓬莱町4-1-2,1,1,,1,,1,1,1,1,37.69833937,140.4728626,
2334,E0720100227201,蓬莱中央公園,福島県福島市蓬莱町4-14,1,1,,1,,1,1,1,,37.69800638,140.4747982,
2335,E0720100229201,蓬莱小学校　屋外運動場,福島県福島市蓬莱町4-2-1,1,1,,1,,1,1,1,1,37.69931794,140.4725183,
2336,E0720100230201,蓬莱中学校　屋外運動場,福島県福島市蓬莱町5-14-1,1,1,,1,,1,1,1,1,37.69501814,140.4794545,
2337,E0720100231201,蓬莱東小学校,福島県福島市蓬莱町7-1-1,1,1,,1,,1,1,1,1,37.69259876,140.4831686,
2338,E0720100232201,北沢又小学校　屋外運動場,福島県福島市北沢又字愛宕1,1,1,,1,,1,1,,1,37.78555916,140.4321233,
2339,E0720100234201,学校法人松韻学園福島高等学校グラウンド,福島県福島市北沢又字樋越25,,1,,1,,1,1,,,37.78365982,140.4466126,
2340,E0720100235201,公設地方卸売市場　駐車場,福島県福島市北矢野目字樋越1,1,1,,1,,1,1,1,,37.79175065,140.4769859,
2341,E0720100236201,街なか広場,福島県福島市本町1,1,1,,1,,1,1,1,,37.75391847,140.4643742,
2342,E0720100239201,三河台学習センター,福島県福島市野田町7-1-42,1,1,,1,,1,1,1,1,37.75842509,140.4444421,
2343,E0720100238201,桜の聖母学院高等学校,福島県福島市野田町7-11-1,1,1,,1,,1,1,1,1,37.7608092,140.4437324,
2344,E0720100240201,ふたつやま公園,福島県福島市野田町字清水尻５－１外,1,1,,1,,1,1,1,,37.76519348,140.4460437,
2345,E0720100241201,社会教育館　立子山自然の家,福島県福島市立子山字金井作1,1,1,,1,,1,1,1,1,37.69958912,140.505704,
2346,E0720100242201,福島市職業技能訓練センター,福島県福島市立子山字大稲場20,1,1,,1,,1,1,1,1,37.68029702,140.5176686,
2347,E0720100243201,立子山小学校,福島県福島市立子山字仲森38-1,1,1,,1,,1,1,1,1,37.68276273,140.5169037,
2348,E0750300003201,平田村総合運動場多目的グラウンド,福島県平田村大字永田字切田113-2,1,1,,1,,1,,,,37.22289236747,140.57638737765,
2349,E0750300007201,平田村総合運動場野球場,福島県平田村大字永田字切田40-2,1,1,,1,,1,,,,37.222593353249,140.57413432208,
2350,E0750300008201,ひらた清風中学校グラウンド,福島県平田村大字永田字堂作145-1,1,1,,1,,1,,,1,37.213939051379,140.56888231453,
2351,E0750300009201,旧乙空釜分校グラウンド,福島県平田村大字下蓬田字乙空釜16,1,1,,1,,1,,,,37.2266265413,140.521104392,
2352,E0750300010201,打違内総合運動場,福島県平田村大字下蓬田字打違内1448,1,1,,1,,1,,,,37.2401619118,140.526181755,
2353,E0750300011201,下蓬田集会所前庭,福島県平田村大字下蓬田字中屋敷9,1,1,,1,,1,,,,37.232790618321,140.55249042147,
2354,E0750300012201,駒形集会所前庭,福島県平田村大字駒形字小舘320-2,1,1,,1,,1,,,,37.17784319967,140.58190199939,
2355,E0750300013201,小松原集会所前庭,福島県平田村大字小松原字萩ノ作163-2,1,1,,1,,1,,,,37.21361641642,140.56617051677,
2356,E0750300014201,道の駅ひらた,福島県平田村大字上蓬田字横森後160,1,1,,1,,1,,,1,37.250580092823,140.56005268337,
2357,E0750300015201,蓬田小学校グラウンド,福島県平田村大字上蓬田字上宿1,1,,,1,,1,,,1,37.241606937673,140.57169836185,
2358,E0750300016201,旧蓬田中学校グラウンド,福島県平田村大字上蓬田字切山1,1,1,,1,,1,,,1,37.23607917232,140.56428866806,
2359,E0750300019201,中倉１集会所前庭,福島県平田村大字中倉字暮坪21-3,1,1,,1,,1,,,,37.173765404454,140.53924410582,
2360,E0750300020201,ジュピアランドひらた,福島県平田村大字蓬田新田字蓬田岳437,1,1,,1,,1,,,,37.262425033328,140.54537197376,
2361,E0750300023201,旧小平中学校グラウンド,福島県平田村大字北方字後川88,1,1,,1,,1,,,1,37.187032916754,140.56028831892,
2362,E0750300024201,上北方行政区グラウンド,福島県平田村大字北方字高田75-1,1,1,,1,,1,,,,37.1844856442749,140.594288088665,
2363,E0750300025201,小平小学校グラウンド,福島県平田村大字北方字蛇石59,1,1,,1,,1,,,1,37.185070019213,140.56474852148,
2364,E0740200001201,下吉集会所,福島県北塩原村大字下吉字吉村1341,1,1,,1,,1,1,1,1,37.656897337315,139.91931234502,
2365,E0740200002201,グループホームさくら,福島県北塩原村大字下吉字堂ノ下2,1,1,,1,,1,1,1,1,37.656352666573,139.91824059404,
2366,E0740200003201,樟集会所,福島県北塩原村大字関屋字街道西1094-2,1,1,,1,,1,1,1,1,37.655389412875,139.95138351757,
2367,E0740200004201,関屋集会所,福島県北塩原村大字関屋字大道西4,1,,,1,,1,1,1,1,37.653406286645,139.94425688885,
2368,E0740200005201,北塩原村生涯学習センター,福島県北塩原村大字大塩字下六郎屋敷2134,1,1,,1,,1,1,1,1,37.66905091994,139.97304638375,
2369,E0740200006201,上川前集会所,福島県北塩原村大字大塩字宮ノ下409,1,,,1,,1,1,1,1,37.675863582419,139.97104929056,
2370,E0740200007201,ラビスパ裏磐梯,福島県北塩原村大字大塩字桜峠8664-5,1,1,,1,,1,1,1,1,37.658913786406,140.01333871196,
2371,E0740200008201,北塩原村活性化センター,福島県北塩原村大字大塩字上六郎屋敷2160,1,,,1,,1,1,1,1,37.668057677378,139.97554807307,
2372,E0740200009201,下川前集会所,福島県北塩原村大字大塩字水上8213-1,1,,,1,,1,1,1,1,37.672348441068,139.96795129161,
2373,E0740200010201,大塩集会所,福島県北塩原村大字大塩字大塩4436,1,,,1,,1,1,1,1,37.66836814609,139.98554461796,
2374,E0740200011201,大久保集会所,福島県北塩原村大字大塩字大久保2943,1,,,1,,1,1,1,1,37.660876423881,139.97159177146,
2375,E0740200012202,北塩原村保健センター,福島県北塩原村大字大塩字堀田山8518-93,1,1,,1,,1,1,1,1,37.661924450933,140.01516588378,
2376,E0740200012201,北塩原村デイサービスセンター,福島県北塩原村大字大塩字堀田山8518-93,1,1,,1,,1,1,1,1,37.661533759681,140.01556821513,
2377,E0740200013201,剣ヶ峯集会所,福島県北塩原村大字桧原字剣ケ峯1093,1,1,,1,,1,1,,1,37.660690408722,140.08226254538,
2378,E0740200015201,裏磐梯幼稚園,福島県北塩原村大字桧原字剣ケ峯1093-732,1,1,,1,,1,1,,1,37.659007830882,140.08430028255,
2379,E0740200015203,裏磐梯小学校,福島県北塩原村大字桧原字剣ケ峯1093-732,1,1,,1,,1,1,,1,37.658309229042,140.08363241249,
2380,E0740200015202,裏磐梯中学校,福島県北塩原村大字桧原字剣ケ峯1093-732,1,1,,1,,1,1,,1,37.659264761821,140.08352512414,
2381,E0740200014201,北塩原村自然環境活用センター,福島県北塩原村大字桧原字剣ヶ峯1093-732,1,1,,1,,1,1,,,37.658359347424,140.08474208552,
2382,E0740200016201,蛇平集会所,福島県北塩原村大字桧原字蛇平1074-527,1,1,,1,,1,1,,1,37.658655814286,140.09249684041,
2383,E0740200017201,小野川集会所,福島県北塩原村大字桧原字小野川1082-12,1,1,,1,,1,1,1,1,37.680018043115,140.11495290969,
2384,E0740200018201,桧原湖セミナーハウス,福島県北塩原村大字桧原字水梨原1137-3,1,1,,1,,1,1,1,1,37.719293444064,140.03212063411,
2385,E0740200019201,曽原狐鷹森生活改善センター,福島県北塩原村大字桧原字曽原山1096-168,1,1,,1,,1,1,,1,37.684742765954,140.0752394549,
2386,E0740200020201,北塩原村生活改善センター,福島県北塩原村大字桧原字早稲沢527-8,1,1,,1,,1,1,1,1,37.726886724853,140.06307759593,
2387,E0740200021201,桧原多目的集会所,福島県北塩原村大字桧原字巣ノ山1131-54,1,1,,1,,1,1,1,1,37.716515314926,140.03705635362,
2388,E0740200022201,秋元集会所,福島県北塩原村大字桧原字大府平1073-291,1,1,,1,,1,1,1,1,37.652701165642,140.10650192126,
2389,E0740200023201,裏磐梯物産館,福島県北塩原村大字桧原字湯平山1171-9,1,1,,1,,1,1,,1,37.651187804272,140.0648905628,
2390,E0740200024201,道の駅裏磐梯,福島県北塩原村大字桧原字南黄連沢山1157,1,1,,1,,1,1,1,1,37.665033259892,140.04390160419,
2391,E0740200025201,早稲沢集会所,福島県北塩原村大字桧原字墓下610-60,1,1,,1,,1,1,1,1,37.725758900191,140.06454898771,
2392,E0740200026201,生きがい学習施設（金山集会所）,福島県北塩原村大字桧原字無縁原1031-89,1,1,,1,,1,1,1,1,37.730235185293,140.049471918,
2393,E0740200027201,長峯交流センター（長峯集会所）,福島県北塩原村大字桧原字雄子沢原1070-29,1,1,,1,,1,1,1,1,37.662988431107,140.04114443001,
2394,E0740200028201,北塩原村コミュニティセンター,福島県北塩原村大字北山字姥ヶ作3151,1,1,,1,,1,1,1,,37.655668914686,139.93762366421,
2395,E0740200030201,谷地集会所,福島県北塩原村大字北山字橋本206,1,1,,1,,1,1,1,1,37.651085296916,139.91847268789,
2396,E0740200031201,松陽台集会所,福島県北塩原村大字北山字松陽台11-20,1,1,,1,,1,1,1,1,37.657411007954,139.9379724678,
2397,E0740200032201,第一中学校,福島県北塩原村大字北山字上ノ台2850,1,1,,1,,1,1,1,1,37.656404889678,139.93919711528,
2398,E0740200033201,北塩原村構造改善センター,福島県北塩原村大字北山字村ノ内4147,1,1,,1,,1,1,1,1,37.65485547412,139.92682080688,
2399,E0740200034201,北塩原村民体育館,福島県北塩原村大字北山字村東150,1,1,,1,,1,1,1,1,37.654342377665,139.93305610179,
2400,E0740200035201,グループホームラポール,福島県北塩原村大字北山字地蔵堂2906-1,1,1,,1,,1,1,1,1,37.655111463407,139.935677494,
2401,E0740200036201,さくら小学校,福島県北塩原村大字北山字北畑4275,1,1,,1,,1,1,1,1,37.657104143169,139.92588080538,
2402,E0740200037201,さくら幼稚園,福島県北塩原村大字北山字北畑4293,1,1,,1,,1,1,1,1,37.657593824314,139.92579009083,
2403,E0721400080201,白沢公民館稲沢分館,福島県本宮市稲沢字見切田53,1,1,,1,,1,1,1,1,37.506589190843,140.49184260446,
2404,E0721400081201,稲沢体育館,福島県本宮市稲沢字見切田55,1,1,,1,,1,1,1,1,37.506187754032,140.49151179824,
2405,E0721400075201,稲沢運動場,福島県本宮市稲沢字五百田43,1,1,,1,,1,1,1,,37.507298595934,140.49215259701,
2406,E0721400103201,稲沢ふれあい広場,福島県本宮市稲沢字高野96,1,1,,1,,1,1,1,,37.498172,140.494105,
2407,E0721400090201,神座運動広場,福島県本宮市関下字東原5-1,1,1,,1,,1,1,1,,37.481388076209,140.36458312917,
2408,E0721400090202,屋内運動場（まゆみアリーナ）,福島県本宮市関下字東原5-1,1,1,,1,,1,1,1,,37.480953867113,140.36523758817,
2409,E0721400018201,みずきが丘第一公園,福島県本宮市岩根字みずきが丘1-557,1,1,,1,,1,1,1,,37.490829345661,140.35747885592,
2410,E0721400014201,みずきが丘第二公園,福島県本宮市岩根字みずきが丘1-585,1,1,,1,,1,1,1,,37.486054132907,140.35832377212,
2411,E0721400086202,岩根小学校校庭,福島県本宮市岩根字下年神12,1,1,,1,,1,1,1,1,37.481677019374,140.34967336467,
2412,E0721400086201,岩根小学校体育館,福島県本宮市岩根字下年神12,1,1,,1,,1,1,1,1,37.48223893111,140.35074624826,
2413,E0721400004202,高齢者ふれあいプラザ（岩根）,福島県本宮市岩根字下年神137-1,1,1,,1,,1,1,1,1,37.481208258203,140.35046141288,
2414,E0721400010202,岩根農耕センター,福島県本宮市岩根字上土渕6,1,1,,,,1,1,1,1,37.480302180019,140.34920825083,
2415,E0721400011205,糠沢小学校体育館,福島県本宮市糠沢字原23,1,1,,1,,1,1,1,1,37.494087430325,140.42867673867,
2416,E0721400011204,糠沢小学校校庭,福島県本宮市糠沢字原23,1,1,,1,,1,1,1,1,37.494001985939,140.42914454189,
2417,E0721400012201,白沢公民館糠沢分館,福島県本宮市糠沢字原241,1,1,,1,,1,1,1,1,37.495406837039,140.4296565328,
2418,E0721400013201,白沢保育所,福島県本宮市糠沢字五味内211,1,1,,1,,1,1,1,1,37.506639383299,140.44854675698,
2419,E0721400069201,春公園,福島県本宮市糠沢字光が丘1-49,1,1,,1,,1,1,1,,37.491426713593,140.43311853526,
2420,E0721400096201,けやき公園,福島県本宮市糠沢字光が丘3-70,1,1,,1,,1,1,1,,37.49192715802,140.43661894914,
2421,E0721400072201,秋公園,福島県本宮市糠沢字光が丘3-71,1,1,,1,,1,1,1,,37.489492492409,140.43522420045,
2422,E0721400073201,夏公園,福島県本宮市糠沢字光が丘3-74,1,1,,1,,1,1,1,,37.487953050328,140.4332715523,
2423,E0721400100201,高松ふれあい広場,福島県本宮市糠沢字高松86,1,1,,1,,1,1,1,,37.491741,140.41476,
2424,E0721400019201,スマイルキッズパーク（プリンス・ウィリアムズ・パーク）,福島県本宮市糠沢字石神50,1,1,,1,,1,1,1,1,37.509163384272,140.443907876,
2425,E0721400101201,しらさわグリーンパーク,福島県本宮市糠沢字石神61,1,1,,1,,1,1,1,,37.508659,140.441681,
2426,E0721400031201,恵向公園,福島県本宮市荒井字恵向121-6,1,1,,1,,1,1,1,,37.478169646907,140.37262802958,
2427,E0721400009201,五百川幼保総合施設（おひさま幼保園）,福島県本宮市荒井字山神23-1,1,1,,1,,1,1,1,1,37.496075459376,140.38804833563,
2428,E0721400009202,五百川幼保総合施設園庭,福島県本宮市荒井字山神23-1,1,1,,1,,1,1,1,1,37.495781787717,140.38816903503,
2429,E0721400021201,五百川小学校校庭,福島県本宮市荒井字西畑1-1,1,1,,1,,1,1,1,1,37.495070286842,140.39375799716,
2430,E0721400021202,五百川小学校体育館,福島県本宮市荒井字西畑1-1,1,1,,1,,1,1,1,1,37.4957363729,140.3927602154,
2431,E0721400022201,本宮第二中学校校庭,福島県本宮市荒井字団子森28,1,1,,1,,1,1,1,1,37.484115768637,140.36668354838,
2432,E0721400022203,本宮第二中学校柔剣道場,福島県本宮市荒井字団子森28,1,1,,1,,1,1,1,1,37.484686175533,140.36581853597,
2433,E0721400022202,本宮第二中学校体育館,福島県本宮市荒井字団子森28,1,1,,1,,1,1,1,1,37.484621257739,140.36628506572,
2434,E0721400008205,荒井運動場,福島県本宮市荒井字茶園5,1,1,,1,,1,1,1,1,37.48663664454,140.38337950689,
2435,E0721400008202,荒井地区公民館,福島県本宮市荒井字茶園5,1,1,,,,1,1,1,1,37.486341946749,140.38247019511,
2436,E0721400003201,高齢者ふれあいプラザ（荒井）,福島県本宮市荒井字南ノ内65,1,1,,1,,1,1,1,1,37.48589,140.382376,
2437,E0721400033202,沢田緑道,福島県本宮市荒井字北ノ内60-8,1,1,,1,,1,1,1,,37.490008,140.384189,
2438,E0721400085201,河川防災ステーション,福島県本宮市高木,1,1,,1,,1,1,1,,37.513406437684,140.40565244948,
2439,E0721400006201,井戸上公園,福島県本宮市高木字井戸上43-10,1,1,,1,,1,1,1,,37.515616602514,140.41962702833,
2440,E0721400087201,明石戸公園,福島県本宮市高木字井戸上43-5,1,1,,1,,1,1,1,,37.518946391427,140.42267374787,
2441,E0721400102201,本宮高等学校,福島県本宮市高木字井戸上45,1,1,,1,,1,1,1,1,37.514797,140.417953,
2442,E0721400007201,本宮運動公園,福島県本宮市高木字黒作1,1,1,,1,,1,1,1,1,37.507080778537,140.41397831872,
2443,E0721400007202,総合体育館,福島県本宮市高木字黒作1,1,1,,1,,1,1,1,1,37.505542780295,140.41388544435,
2444,E0721400099201,高木地区公民館駐車場,福島県本宮市高木字舟場8-1,,1,,1,,1,1,1,1,37.51399,140.406875,
2445,E0721400099202,高木地区公民館,福島県本宮市高木字舟場8-1,,1,,1,,1,1,1,1,37.514258,140.407163,
2446,E0721400034202,たかぎ保育所,福島県本宮市高木字大学80-1,1,1,,1,,1,1,1,1,37.51133,140.41004,
2447,E0721400076201,松沢運動場,福島県本宮市松沢字宮前35-1,1,1,,1,,1,1,1,,37.486175872305,140.48345917929,
2448,E0721400036202,白沢公民館松沢分館,福島県本宮市松沢字池平36,1,1,,1,,1,1,1,1,37.486205734441,140.48427039406,
2449,E0721400077201,松沢児童遊び場,福島県本宮市松沢字池平38,1,1,,1,,1,1,1,,37.486103574507,140.48465439704,
2450,E0721400089202,仁井田運動場,福島県本宮市仁井田字寺下15,,1,,1,,1,1,,1,37.49081648867,140.40230399011,
2451,E0721400089201,仁井田地区公民館,福島県本宮市仁井田字寺下15,,1,,,,1,1,,1,37.491348263165,140.40174283293,
2452,E0721400025205,青田運動場,福島県本宮市青田字来ノ池55,1,1,,1,,1,1,1,1,37.498993,140.379761,
2453,E0721400025204,青田農耕センター,福島県本宮市青田字来ノ池55,1,1,,1,,1,1,1,1,37.499287,140.379361,
2454,E0721400035201,長屋ふれあい広場,福島県本宮市長屋字舘7-36,1,1,,1,,1,1,1,,37.530563883012,140.476481669,
2455,E0721400037201,長屋みややま運動場,福島県本宮市長屋字宮山21-5,1,1,,1,,1,1,1,,37.520719876075,140.47448499312,
2456,E0721400094201,白沢公民館長屋分館,福島県本宮市長屋字小山34,1,1,,1,,1,1,1,1,37.5198698567,140.476311498,
2457,E0721400095201,長屋体育館,福島県本宮市長屋字小山34-1,1,,,1,,1,1,1,1,37.520075492528,140.47579277408,
2458,E0721400079201,白沢公民館白岩分館,福島県本宮市白岩字関根73-3,1,1,,1,,1,1,1,1,37.499020752023,140.46468226248,
2459,E0721400084201,岳山ふれあい広場,福島県本宮市白岩字大岩入124,1,1,,1,,1,1,1,,37.492238353808,140.47755009914,
2460,E0721400082201,岳山ふれあい実習館,福島県本宮市白岩字大岩入181,1,1,,1,,1,1,1,1,37.492334379165,140.47731546692,
2461,E0721400042201,白沢体育館,福島県本宮市白岩字堤崎318-1,1,1,,1,,1,1,1,1,37.50761724537,140.45543400577,
2462,E0721400083202,白沢運動場,福島県本宮市白岩字堤崎494-44,1,1,,1,,1,1,1,,37.508955312621,140.45365161681,
2463,E0721400083201,ふれあい夢広場,福島県本宮市白岩字堤崎494-44,1,1,,1,,1,1,1,,37.507563794155,140.45301325106,
2464,E0721400046201,白沢公民館,福島県本宮市白岩字堤崎500,1,1,,1,,1,1,1,1,37.508125278405,140.45259297045,
2465,E0721400043203,白岩小学校校庭,福島県本宮市白岩字馬場193-1,1,1,,1,,1,1,1,1,37.502901998019,140.47492200014,
2466,E0721400043201,白岩小学校体育館,福島県本宮市白岩字馬場193-1,1,1,,1,,1,1,1,1,37.502434577437,140.4734208576,
2467,E0721400040202,白沢中学校体育館,福島県本宮市白岩字柳内835,1,1,,1,,1,1,1,1,37.505081787358,140.44984431161,
2468,E0721400040201,白沢中学校校庭,福島県本宮市白岩字柳内835,1,1,,1,,1,1,1,1,37.504355496498,140.44881613104,
2469,E0721400097201,本宮第２児童館,福島県本宮市本宮字花町33-1,,1,,,,1,1,1,1,37.509249,140.398059,
2470,E0721400065202,花山公園,福島県本宮市本宮字舘ノ越234-3,1,,,1,,1,1,1,,37.52155,140.403634,
2471,E0721400054206,本宮小学校体育館,福島県本宮市本宮字舘ノ越48,1,1,,1,,1,1,1,1,37.52001,140.403907,
2472,E0721400054205,本宮小学校校庭,福島県本宮市本宮字舘ノ越48,1,1,,1,,1,1,1,1,37.521044,140.402599,
2473,E0721400062202,本宮市地域交流センター（モコステーション）,福島県本宮市本宮字九縄19-1,,1,,1,,1,1,1,1,37.513983499164,140.4001800264,
2474,E0721400064201,兼谷公園,福島県本宮市本宮字兼谷169-6,1,1,,1,,1,1,1,,37.504950573669,140.3991065127,
2475,E0721400057203,本宮第一中学校校庭,福島県本宮市本宮字懸鉄15,,1,,1,,1,1,,1,37.516957734839,140.39259737986,
2476,E0721400057205,本宮第一中学校体育館,福島県本宮市本宮字懸鉄15,,1,,1,,1,1,,1,37.518215,140.390867,
2477,E0721400057204,本宮第一中学校柔剣道場,福島県本宮市本宮字懸鉄15,,1,,1,,1,1,,1,37.516832214821,140.39173639076,
2478,E0721400001203,本宮市民元気いきいき応援プラザ（えぽか）,福島県本宮市本宮字千代田60-1,,1,,1,,1,1,,1,37.516748122974,140.39598298396,
2479,E0721400023201,東町裏公園,福島県本宮市本宮字東町裏96,,1,,1,,1,,1,,37.521025147613,140.40827628977,
2480,E0721400039201,みずいろ公園,福島県本宮市本宮字馬場27-10,,1,,1,,1,,1,,37.518510561042,140.40026138383,
2481,E0721400098201,まゆみ保育所,福島県本宮市本宮字反町12-1,1,1,,1,,1,1,,1,37.516113605792,140.39214916772,
2482,E0721400052201,本宮まゆみ小学校体育館,福島県本宮市本宮字舞台1,1,1,,1,,1,1,1,1,37.515775817674,140.38801814615,
2483,E0721400052203,本宮まゆみ小学校校庭,福島県本宮市本宮字舞台1,1,1,,1,,1,1,1,1,37.514818441115,140.38975889979,
2484,E0721400091201,弁天公園,福島県本宮市本宮字弁天1-1,1,1,,1,,1,1,1,,37.521650317251,140.41195714352,
2485,E0721400092201,名郷公園,福島県本宮市本宮字名郷12-4,1,1,,1,,1,,1,,37.525663932461,140.39835924419,
2486,E0721400058201,中央公民館,福島県本宮市本宮字矢来39-1,,1,,,,1,1,,1,37.517209548991,140.40059155092,
2487,E0721400078201,サンライズもとみや,福島県本宮市本宮字矢来39-4,,1,,1,,1,1,,1,37.517042,140.40094,
2488,E0721400002203,多世代交流施設あぶくま憩の家,福島県本宮市本宮字立石39-2,1,1,,1,,1,1,1,1,37.52276434325,140.41165244903,
2489,E0721400047201,和田小学校体育館,福島県本宮市和田字学校前1,1,1,,1,,1,1,1,1,37.526986825162,140.44428378462,
2490,E0721400047202,和田小学校校庭,福島県本宮市和田字学校前1,1,1,,1,,1,1,1,1,37.52666491263,140.4438349612,
2491,E0721400050202,白沢公民館和田分館,福島県本宮市和田字久保171,1,1,,1,,1,1,1,1,37.524683709739,140.44503578211,
2492,E0721400005202,多世代交流施設あだたら憩の家,福島県本宮市和田字石上127,1,1,,1,,1,1,1,1,37.507241343829,140.44834470514,
2493,E0721400045201,和木沢運動場,福島県本宮市和田字大木内93-1,1,1,,1,,1,1,1,,37.512216910446,140.43501582564,
2494,E0721400048202,岩角農村公園,福島県本宮市和田字東屋口26-3,1,1,,1,,1,1,1,,37.534990651911,140.45238017707,
2495,E0748200005201,矢祭町営運動場,福島県矢祭町大字金沢字蕨平6,1,1,,1,,1,1,,,36.885532718713,140.42410669162,
2496,E0748200006201,矢祭町山村開発センター,福島県矢祭町大字小田川字春田16-1,1,1,,1,,1,1,,1,36.865654,140.424279,
2497,E0748200010201,滝川渓谷駐車場,福島県矢祭町大字大垬字滝平72-1,1,1,,1,,1,1,,,36.816054,140.465011,
2498,E0746600022201,小松公園,福島県矢吹町小松367-1,1,1,,1,,1,1,,,37.205356025205,140.33182891397,
2499,E0746600004201,善郷小学校,福島県矢吹町小松384-2,1,1,,1,,1,1,,1,37.20602333,140.3341732,
2500,E0746600005201,新町公園,福島県矢吹町新町284,1,1,,1,,1,1,,,37.193171520843,140.31634596783,
2501,E0746600006201,三神小学校,福島県矢吹町神田西130-2,1,1,,1,,1,1,,1,37.20030748,140.3844564,
2502,E0746600007201,三神公民館,福島県矢吹町神田西130-3,1,1,,1,,1,1,,1,37.20085129,140.3843891,
2503,E0746600008201,小池公園,福島県矢吹町善郷内230-4,1,1,,1,,1,1,,,37.209291283732,140.3343862245,
2504,E0746600009201,大池公園,福島県矢吹町大池9,1,1,,1,,1,1,,,37.219262109626,140.33491077213,
2505,E0746600010201,矢吹小学校,福島県矢吹町中町100,1,1,,1,,1,1,,1,37.201630916255,140.32388324642,
2506,E0746600012201,大林公園,福島県矢吹町中町３９－１外,1,1,,1,,1,1,,,37.203371213116,140.32386688191,
2507,E0746600013201,中畑公民館,福島県矢吹町中畑127-1,1,1,,1,,1,1,,1,37.17585562,140.3499178,
2508,E0746600014201,中畑小学校,福島県矢吹町中畑329,1,1,,1,,1,1,,1,37.16859867,140.3524808,
2509,E0746600017201,矢吹中学校,福島県矢吹町文京町118,1,1,,1,,1,1,,1,37.19179251,140.3423935,
2510,E0746600018201,平鉢集会所,福島県矢吹町平鉢391,1,1,,1,,1,1,,,37.17219612,140.3663025,
2511,E0746600019201,ひまわり公園,福島県矢吹町北町186-2,1,1,,1,,1,1,,,37.211443497857,140.32523408866,
2512,E0746600020201,明新多目的集会所,福島県矢吹町明新中10-1,1,1,,1,,1,1,,,37.178826242991,140.40676617326,
2513,E0742300008201,旧郷戸分校校庭,福島県柳津町大字郷戸字西原甲1508-1,1,1,,1,,1,1,,1,37.506144745112,139.71291542646,
2514,E0742300015201,西山小学校,福島県柳津町大字砂子原字居平316,1,,,1,,1,1,,1,37.44575629451,139.68710120723,
2515,E0742300016201,地域住民交流センターゆきげ館,福島県柳津町大字砂子原字居平406,1,1,,1,,1,1,,1,37.446403654959,139.68800779388,
2516,E0742300022201,旧四ツ谷分校校庭,福島県柳津町大字四ツ谷字家廻1433,1,1,,1,,1,1,,1,37.418347470906,139.7283652296,
2517,E0742300023201,旧高森分校校庭,福島県柳津町大字四ツ谷字上居平199,1,1,,1,,1,1,,1,37.396463433524,139.73485164739,
2518,E0742300035201,旧藤保育所園庭,福島県柳津町大字藤字上松ケ崎2101-1,1,1,,1,,1,1,,1,37.554433243086,139.7447318972,
2519,E0742300049201,柳津町運動公園グラウンド,福島県柳津町大字柳津字金谷沢乙1795,1,1,,1,,1,1,,1,37.523836758008,139.71863400349,
2520,E0742300051201,柳津小中学校校庭,福島県柳津町大字柳津字上村道下乙1580,1,1,,1,,1,1,,1,37.524455064766,139.72185699885,
2521,E0742300051203,柳津小学校,福島県柳津町大字柳津字上村道下乙1580,1,1,,1,,1,1,,1,37.524962,139.721426,
2522,E0742300051202,会津柳津学園中学校,福島県柳津町大字柳津字上村道下乙1580,1,1,,1,,1,1,,1,37.523918997765,139.72117035334,
2523,E0742300056201,柳津保育所園庭,福島県柳津町大字柳津字薬師堂上乙1885,1,1,,1,,1,1,,1,37.524852868256,139.72066871313,
2524,E0754700021201,下津島屯所,福島県浪江町大字下津島字原78,,1,,,,,,,,37.5600358,140.7631535,
2525,E0754700020201,つしま活性化センター,福島県浪江町大字下津島字松木山22-1,1,,,1,,,1,,1,37.561015,140.763785,
2526,E0754700008201,苅野防災コミュニティセンター,福島県浪江町大字苅宿字鹿畑16,1,1,1,1,1,,1,,1,37.506153,140.955384,
2527,E0754700014201,なみえ運動公園,福島県浪江町大字権現堂字矢沢町16-1,,1,,1,1,,,,,37.49039,140.987668,
2528,E0754700013201,町営高瀬野球場,福島県浪江町大字高瀬字丈六44,1,1,1,1,1,,1,,,37.47834,140.995601,
2529,E0754700012201,浪江町防災交流センター,福島県浪江町大字室原字八龍内22-1,1,1,1,1,1,,1,,1,37.50052,140.947473,
2530,E0754700006201,大堀防災コミュニティセンター,福島県浪江町大字小野田字下原1,,1,1,1,1,,1,,1,37.481765,140.958463,
2531,E0754700010201,新大平山公園,福島県浪江町大字請戸字杉迫2-5,1,1,1,1,1,,1,,,37.477849,141.015725,
2532,E0754700007201,浪江防災コミュニティセンター,福島県浪江町大字川添字南大坂28,1,1,1,1,1,,1,,1,37.49186,140.979555,指定緊急避難場所は駐車場
2533,E0754700011201,棚塩霊園,福島県浪江町大字棚塩字狐塚92-1,1,1,1,1,1,,1,,,37.500423,141.025099,
2534,E0754700009201,幾世橋防災コミュニティセンター,福島県浪江町大字北幾世橋字植畑11,1,1,1,1,1,,1,,1,37.497505,141.016684,指定緊急避難場所は駐車場
2535,E0736400001201,東雲館,福島県檜枝岐村字下ノ原887-2,,1,,1,,1,,,1,37.024491987316,139.38902324695,
2536,E0736400002201,社会福祉センター,福島県檜枝岐村字下ノ台401-4,,1,,1,,1,,,1,37.020722999629,139.38659316557,
2537,E0736400003201,尾瀬の郷交流センター村民体育館,福島県檜枝岐村字見通1155-1,,1,,1,,1,,,1,37.03385533333,139.3972254483,
2538,E0736400004201,ミヅーリハイツ,福島県檜枝岐村字見通1848-1,,1,,1,,1,,,1,37.031521934524,139.39593529959,
2539,E0736400005201,燧の湯,福島県檜枝岐村字上ノ台208-1,,1,,1,,1,,,1,37.016851589932,139.38408180506,
